# l Cl-f1z1f1z1 
1 1.91759e-05 
2 5.69879e-06 
3 1.85238e-05 
4 2.7043e-05 
5 8.59818e-06 
6 3.84073e-05 
7 2.41801e-05 
8 2.41419e-05 
9 2.89653e-05 
10 2.94158e-05 
11 2.30398e-05 
12 1.75512e-05 
13 4.84441e-05 
14 4.01579e-05 
15 4.04247e-05 
16 3.42003e-05 
17 3.44892e-05 
18 4.66835e-05 
19 3.17194e-05 
20 2.80404e-05 
21 2.82266e-05 
22 2.58679e-05 
23 3.24113e-05 
24 2.27275e-05 
25 1.59546e-05 
26 2.53767e-05 
27 2.64391e-05 
28 2.07429e-05 
29 1.24131e-05 
30 1.92403e-05 
31 2.13739e-05 
32 2.27911e-05 
33 2.02957e-05 
34 2.29969e-05 
35 2.33032e-05 
36 1.7706e-05 
37 1.54139e-05 
38 2.26828e-05 
39 1.39223e-05 
40 1.50572e-05 
41 1.60769e-05 
42 1.56152e-05 
43 1.55167e-05 
44 1.52747e-05 
45 1.38892e-05 
46 1.60778e-05 
47 1.57381e-05 
48 1.62602e-05 
49 1.35897e-05 
50 1.57408e-05 
51 1.60446e-05 
52 1.74999e-05 
53 1.50977e-05 
54 1.56452e-05 
55 1.20606e-05 
56 1.14679e-05 
57 1.1501e-05 
58 9.84764e-06 
59 1.13972e-05 
60 1.3734e-05 
61 1.2207e-05 
62 1.17639e-05 
63 9.6042e-06 
64 1.25891e-05 
65 1.16446e-05 
66 1.05578e-05 
67 1.04723e-05 
68 1.17283e-05 
69 1.35131e-05 
70 1.15957e-05 
71 8.48505e-06 
72 1.01549e-05 
73 1.04116e-05 
74 9.37508e-06 
75 8.99473e-06 
76 1.01284e-05 
77 1.06648e-05 
78 7.14364e-06 
79 9.17554e-06 
80 7.72442e-06 
81 8.02805e-06 
82 8.73158e-06 
83 8.80117e-06 
84 8.7125e-06 
85 8.53157e-06 
86 8.97257e-06 
87 6.95122e-06 
88 1.03196e-05 
89 8.22811e-06 
90 8.53186e-06 
91 7.42992e-06 
92 7.82605e-06 
93 6.44839e-06 
94 6.78346e-06 
95 6.10302e-06 
96 5.80471e-06 
97 7.11932e-06 
98 5.49616e-06 
99 6.01088e-06 
100 5.75312e-06 
101 5.00811e-06 
102 6.62452e-06 
103 5.58222e-06 
104 6.08552e-06 
105 5.4496e-06 
106 4.66088e-06 
107 5.41942e-06 
108 5.00492e-06 
109 4.70304e-06 
110 5.32725e-06 
111 6.02295e-06 
112 5.67839e-06 
113 4.03995e-06 
114 5.50402e-06 
115 5.12625e-06 
116 4.99361e-06 
117 5.27365e-06 
118 6.05072e-06 
119 4.1329e-06 
120 4.38034e-06 
121 4.02648e-06 
122 5.05836e-06 
123 5.29867e-06 
124 4.45793e-06 
125 4.31616e-06 
126 4.8832e-06 
127 4.05122e-06 
128 4.51745e-06 
129 4.9851e-06 
130 4.37838e-06 
131 4.40946e-06 
132 3.69716e-06 
133 4.45288e-06 
134 4.66749e-06 
135 4.15627e-06 
136 4.19765e-06 
137 4.16633e-06 
138 3.91097e-06 
139 4.26281e-06 
140 4.00893e-06 
141 3.64488e-06 
142 4.30806e-06 
143 4.26657e-06 
144 4.46499e-06 
145 3.87843e-06 
146 3.15817e-06 
147 3.32873e-06 
148 3.46475e-06 
149 3.36873e-06 
150 3.56837e-06 
151 3.37164e-06 
152 3.4202e-06 
153 3.45953e-06 
154 3.33166e-06 
155 3.24223e-06 
156 2.74733e-06 
157 3.18583e-06 
158 3.47865e-06 
159 3.41383e-06 
160 3.10701e-06 
161 2.89649e-06 
162 2.76872e-06 
163 3.08663e-06 
164 3.67877e-06 
165 3.53158e-06 
166 3.03251e-06 
167 2.75502e-06 
168 3.31807e-06 
169 2.92635e-06 
170 2.63294e-06 
171 2.97465e-06 
172 2.78703e-06 
173 2.99489e-06 
174 2.8772e-06 
175 2.71062e-06 
176 2.8569e-06 
177 3.01041e-06 
178 2.48556e-06 
179 2.38623e-06 
180 2.75598e-06 
181 2.53726e-06 
182 2.89265e-06 
183 2.71053e-06 
184 2.64454e-06 
185 2.38798e-06 
186 2.3896e-06 
187 2.87699e-06 
188 2.58456e-06 
189 2.45244e-06 
190 2.27017e-06 
191 2.46475e-06 
192 2.40915e-06 
193 2.48808e-06 
194 2.67458e-06 
195 2.3588e-06 
196 2.39603e-06 
197 2.10201e-06 
198 2.32948e-06 
199 2.50215e-06 
200 2.07906e-06 
201 2.16403e-06 
202 2.48214e-06 
203 2.18511e-06 
204 2.28431e-06 
205 2.12623e-06 
206 2.14761e-06 
207 2.28715e-06 
208 2.30818e-06 
209 2.25264e-06 
210 2.42591e-06 
211 2.04996e-06 
212 2.36867e-06 
213 2.03132e-06 
214 2.31127e-06 
215 1.8018e-06 
216 2.00686e-06 
217 2.26292e-06 
218 1.95188e-06 
219 2.19306e-06 
220 2.23568e-06 
221 2.03612e-06 
222 2.0013e-06 
223 2.22786e-06 
224 1.99414e-06 
225 1.77089e-06 
226 2.23771e-06 
227 1.96847e-06 
228 1.76914e-06 
229 1.88505e-06 
230 1.97929e-06 
231 1.88667e-06 
232 1.97344e-06 
233 2.07047e-06 
234 1.80253e-06 
235 1.78073e-06 
236 1.67825e-06 
237 1.94425e-06 
238 1.92549e-06 
239 1.70023e-06 
240 1.78725e-06 
241 1.74296e-06 
242 1.8448e-06 
243 1.72347e-06 
244 1.7349e-06 
245 1.66136e-06 
246 1.87088e-06 
247 1.61617e-06 
248 1.70608e-06 
249 1.78785e-06 
250 1.66944e-06 
251 1.7695e-06 
252 1.7931e-06 
253 1.60206e-06 
254 1.8051e-06 
255 1.55409e-06 
256 1.77136e-06 
257 1.66405e-06 
258 1.58098e-06 
259 1.54735e-06 
260 1.62386e-06 
261 1.63468e-06 
262 1.56752e-06 
263 1.65879e-06 
264 1.55366e-06 
265 1.70482e-06 
266 1.49365e-06 
267 1.54585e-06 
268 1.45434e-06 
269 1.54376e-06 
270 1.39658e-06 
271 1.50567e-06 
272 1.4774e-06 
273 1.46645e-06 
274 1.46357e-06 
275 1.52268e-06 
276 1.39323e-06 
277 1.4156e-06 
278 1.51406e-06 
279 1.50256e-06 
280 1.37678e-06 
281 1.26714e-06 
282 1.49503e-06 
283 1.59339e-06 
284 1.41148e-06 
285 1.31706e-06 
286 1.29953e-06 
287 1.26714e-06 
288 1.38623e-06 
289 1.46029e-06 
290 1.37752e-06 
291 1.39177e-06 
292 1.40552e-06 
293 1.35657e-06 
294 1.3594e-06 
295 1.41036e-06 
296 1.41009e-06 
297 1.48303e-06 
298 1.29421e-06 
299 1.35257e-06 
300 1.33716e-06 
301 1.46193e-06 
302 1.36687e-06 
303 1.26672e-06 
304 1.31873e-06 
305 1.38063e-06 
306 1.35429e-06 
307 1.26604e-06 
308 1.27456e-06 
309 1.33103e-06 
310 1.15304e-06 
311 1.36348e-06 
312 1.25906e-06 
313 1.212e-06 
314 1.19235e-06 
315 1.35332e-06 
316 1.26857e-06 
317 1.29548e-06 
318 1.30237e-06 
319 1.11926e-06 
320 1.20743e-06 
321 1.2325e-06 
322 1.16371e-06 
323 1.30444e-06 
324 1.2126e-06 
325 1.1611e-06 
326 1.19229e-06 
327 1.1632e-06 
328 1.174e-06 
329 1.22578e-06 
330 1.16649e-06 
331 1.07854e-06 
332 1.11824e-06 
333 1.14363e-06 
334 1.09629e-06 
335 1.01573e-06 
336 1.12748e-06 
337 1.21167e-06 
338 1.10931e-06 
339 1.10099e-06 
340 9.8632e-07 
341 1.00287e-06 
342 1.07166e-06 
343 1.12962e-06 
344 1.0173e-06 
345 1.08514e-06 
346 1.16219e-06 
347 1.05859e-06 
348 1.10289e-06 
349 9.82305e-07 
350 1.17606e-06 
351 1.07915e-06 
352 9.562e-07 
353 1.01991e-06 
354 1.14727e-06 
355 9.85086e-07 
356 1.03703e-06 
357 1.06576e-06 
358 1.05838e-06 
359 1.02419e-06 
360 1.09487e-06 
361 1.06862e-06 
362 1.01939e-06 
363 9.47977e-07 
364 9.77197e-07 
365 1.07188e-06 
366 9.50785e-07 
367 1.04132e-06 
368 1.02705e-06 
369 1.02072e-06 
370 8.99292e-07 
371 9.99902e-07 
372 1.03605e-06 
373 9.60642e-07 
374 9.24853e-07 
375 1.05265e-06 
376 9.5844e-07 
377 9.24475e-07 
378 9.4037e-07 
379 9.53366e-07 
380 7.92013e-07 
381 1.052e-06 
382 9.51957e-07 
383 9.78341e-07 
384 9.4211e-07 
385 9.40722e-07 
386 9.02113e-07 
387 1.03588e-06 
388 8.87017e-07 
389 1.02874e-06 
390 1.00369e-06 
391 9.27043e-07 
392 9.17501e-07 
393 8.94283e-07 
394 9.67045e-07 
395 8.76245e-07 
396 8.96747e-07 
397 8.97693e-07 
398 8.97364e-07 
399 1.06304e-06 
400 8.99507e-07 
401 9.07496e-07 
402 9.4991e-07 
403 8.76372e-07 
404 8.94963e-07 
405 8.40153e-07 
406 9.27513e-07 
407 9.0883e-07 
408 8.54808e-07 
409 9.50445e-07 
410 9.64726e-07 
411 8.19735e-07 
412 9.11021e-07 
413 8.94242e-07 
414 8.79762e-07 
415 8.7688e-07 
416 8.96256e-07 
417 9.11601e-07 
418 8.06544e-07 
419 8.58502e-07 
420 8.46209e-07 
421 8.69153e-07 
422 8.9248e-07 
423 8.48799e-07 
424 8.23576e-07 
425 8.34651e-07 
426 8.47982e-07 
427 7.79892e-07 
428 8.93473e-07 
429 9.04107e-07 
430 9.00464e-07 
431 8.1286e-07 
432 7.74507e-07 
433 8.24415e-07 
434 8.7758e-07 
435 7.9133e-07 
436 8.75823e-07 
437 7.95821e-07 
438 8.64042e-07 
439 8.52055e-07 
440 7.87588e-07 
441 7.47729e-07 
442 7.83271e-07 
443 8.18577e-07 
444 7.97689e-07 
445 8.00098e-07 
446 8.05459e-07 
447 7.73777e-07 
448 8.56184e-07 
449 7.41072e-07 
450 8.74752e-07 
451 8.27668e-07 
452 7.91775e-07 
453 7.3091e-07 
454 7.67048e-07 
455 8.41861e-07 
456 7.96243e-07 
457 8.20209e-07 
458 7.80774e-07 
459 7.84558e-07 
460 8.56736e-07 
461 7.01024e-07 
462 8.01106e-07 
463 7.68527e-07 
464 8.14121e-07 
465 7.46441e-07 
466 7.7709e-07 
467 7.2369e-07 
468 8.14858e-07 
469 7.70769e-07 
470 7.3224e-07 
471 7.48421e-07 
472 7.68994e-07 
473 7.27663e-07 
474 7.80679e-07 
475 7.64381e-07 
476 7.47276e-07 
477 8.27689e-07 
478 6.85461e-07 
479 8.02298e-07 
480 7.51094e-07 
481 7.42009e-07 
482 7.09804e-07 
483 7.23706e-07 
484 7.43352e-07 
485 7.39676e-07 
486 7.42805e-07 
487 6.91654e-07 
488 6.84761e-07 
489 6.68383e-07 
490 7.00773e-07 
491 7.03488e-07 
492 7.06914e-07 
493 7.44849e-07 
494 6.77339e-07 
495 7.07785e-07 
496 7.12052e-07 
497 7.356e-07 
498 7.13245e-07 
499 7.12689e-07 
500 6.81829e-07 
501 6.46826e-07 
502 6.85002e-07 
503 7.10065e-07 
504 6.55255e-07 
505 6.86855e-07 
506 6.84546e-07 
507 6.7126e-07 
508 7.10629e-07 
509 7.3783e-07 
510 7.22393e-07 
511 7.24876e-07 
512 6.22031e-07 
513 6.20435e-07 
514 7.03501e-07 
515 6.42895e-07 
516 6.94551e-07 
517 6.27239e-07 
518 6.72695e-07 
519 6.91993e-07 
520 6.90305e-07 
521 7.32304e-07 
522 6.96901e-07 
523 6.89774e-07 
524 7.12247e-07 
525 6.98148e-07 
526 6.23048e-07 
527 6.98743e-07 
528 6.11876e-07 
529 6.55184e-07 
530 6.47294e-07 
531 6.63343e-07 
532 6.22547e-07 
533 6.54777e-07 
534 6.1245e-07 
535 6.35597e-07 
536 6.56759e-07 
537 6.60563e-07 
538 6.31289e-07 
539 6.37553e-07 
540 6.5233e-07 
541 6.46902e-07 
542 6.13185e-07 
543 6.41006e-07 
544 6.58719e-07 
545 6.12546e-07 
546 6.52695e-07 
547 6.18732e-07 
548 6.88681e-07 
549 6.33472e-07 
550 6.28696e-07 
551 6.31084e-07 
552 6.36879e-07 
553 5.99648e-07 
554 6.38275e-07 
555 6.38725e-07 
556 6.5701e-07 
557 5.95168e-07 
558 6.41682e-07 
559 6.09868e-07 
560 5.50198e-07 
561 6.05292e-07 
562 6.16905e-07 
563 6.25175e-07 
564 5.81249e-07 
565 6.09625e-07 
566 6.23774e-07 
567 5.98374e-07 
568 6.12892e-07 
569 5.96156e-07 
570 6.15961e-07 
571 5.74645e-07 
572 6.00326e-07 
573 5.8435e-07 
574 6.04743e-07 
575 5.73568e-07 
576 5.54585e-07 
577 6.02866e-07 
578 6.21236e-07 
579 5.91645e-07 
580 6.81439e-07 
581 6.04223e-07 
582 5.76049e-07 
583 5.4875e-07 
584 6.08829e-07 
585 5.74055e-07 
586 5.92137e-07 
587 5.7246e-07 
588 6.02389e-07 
589 5.76632e-07 
590 5.8399e-07 
591 5.77901e-07 
592 5.59435e-07 
593 5.52982e-07 
594 5.86346e-07 
595 5.97001e-07 
596 5.66852e-07 
597 5.7157e-07 
598 5.89427e-07 
599 5.93336e-07 
600 5.90838e-07 
601 5.4501e-07 
602 6.11832e-07 
603 5.747e-07 
604 5.5279e-07 
605 5.47031e-07 
606 6.00801e-07 
607 5.74703e-07 
608 5.73347e-07 
609 5.67456e-07 
610 5.21584e-07 
611 5.74655e-07 
612 5.68783e-07 
613 5.9929e-07 
614 5.74922e-07 
615 6.07087e-07 
616 5.52288e-07 
617 5.28488e-07 
618 5.51088e-07 
619 5.95138e-07 
620 5.43246e-07 
621 5.21572e-07 
622 5.44058e-07 
623 5.60448e-07 
624 5.40806e-07 
625 5.39305e-07 
626 5.17683e-07 
627 5.0876e-07 
628 5.26892e-07 
629 5.54376e-07 
630 5.30391e-07 
631 5.43712e-07 
632 5.34397e-07 
633 5.87815e-07 
634 5.27493e-07 
635 5.16913e-07 
636 5.29266e-07 
637 5.58394e-07 
638 5.15113e-07 
639 5.71632e-07 
640 5.28605e-07 
641 5.6408e-07 
642 5.36219e-07 
643 5.40977e-07 
644 5.11916e-07 
645 5.3877e-07 
646 5.50781e-07 
647 5.2384e-07 
648 5.31725e-07 
649 5.27293e-07 
650 5.0895e-07 
651 5.45469e-07 
652 5.28111e-07 
653 5.22677e-07 
654 5.05949e-07 
655 5.57399e-07 
656 5.28785e-07 
657 5.24713e-07 
658 5.08289e-07 
659 5.0638e-07 
660 5.24542e-07 
661 5.28641e-07 
662 5.31005e-07 
663 5.2126e-07 
664 5.21141e-07 
665 5.11151e-07 
666 5.15297e-07 
667 5.16285e-07 
668 5.24268e-07 
669 4.98547e-07 
670 5.04063e-07 
671 5.23098e-07 
672 5.16293e-07 
673 5.158e-07 
674 4.96809e-07 
675 4.66018e-07 
676 5.15815e-07 
677 5.38329e-07 
678 5.18695e-07 
679 5.21148e-07 
680 4.83869e-07 
681 4.98657e-07 
682 5.44748e-07 
683 4.95742e-07 
684 5.12071e-07 
685 5.00357e-07 
686 5.07216e-07 
687 5.33705e-07 
688 4.8631e-07 
689 5.08125e-07 
690 5.05212e-07 
691 4.73274e-07 
692 4.76835e-07 
693 4.9739e-07 
694 4.7984e-07 
695 4.7202e-07 
696 4.36368e-07 
697 4.88426e-07 
698 4.8183e-07 
699 4.77265e-07 
700 4.90631e-07 
701 4.67682e-07 
702 4.70016e-07 
703 4.60888e-07 
704 4.95401e-07 
705 5.02356e-07 
706 4.74264e-07 
707 4.77629e-07 
708 4.82767e-07 
709 5.17648e-07 
710 4.91281e-07 
711 4.81353e-07 
712 4.84111e-07 
713 4.81205e-07 
714 4.71263e-07 
715 5.14912e-07 
716 5.11578e-07 
717 4.53566e-07 
718 4.7097e-07 
719 4.80389e-07 
720 4.95663e-07 
721 4.71728e-07 
722 4.76674e-07 
723 4.64797e-07 
724 4.80167e-07 
725 4.70588e-07 
726 4.69159e-07 
727 4.81355e-07 
728 4.43886e-07 
729 4.3737e-07 
730 4.49753e-07 
731 4.68077e-07 
732 4.65806e-07 
733 4.44722e-07 
734 4.4944e-07 
735 4.64543e-07 
736 4.56408e-07 
737 4.72793e-07 
738 4.58744e-07 
739 4.67269e-07 
740 4.72911e-07 
741 4.34499e-07 
742 4.60567e-07 
743 4.69033e-07 
744 4.80628e-07 
745 4.50658e-07 
746 4.48799e-07 
747 4.58847e-07 
748 4.58488e-07 
749 4.39746e-07 
750 4.52061e-07 
751 4.75168e-07 
752 4.2823e-07 
753 4.41438e-07 
754 4.66084e-07 
755 4.34639e-07 
756 4.49724e-07 
757 4.53548e-07 
758 4.31801e-07 
759 4.51644e-07 
760 4.30999e-07 
761 4.20049e-07 
762 4.26948e-07 
763 4.53296e-07 
764 4.30448e-07 
765 4.39059e-07 
766 4.32664e-07 
767 4.21061e-07 
768 4.48958e-07 
769 4.58173e-07 
770 4.2454e-07 
771 4.58301e-07 
772 4.42523e-07 
773 4.18674e-07 
774 4.47033e-07 
775 4.49216e-07 
776 4.59116e-07 
777 4.37873e-07 
778 4.16391e-07 
779 4.4745e-07 
780 4.2366e-07 
781 4.62969e-07 
782 4.02722e-07 
783 4.27541e-07 
784 4.05347e-07 
785 4.12601e-07 
786 4.31673e-07 
787 4.2147e-07 
788 4.15388e-07 
789 4.32902e-07 
790 4.22619e-07 
791 4.27973e-07 
792 4.22278e-07 
793 4.14571e-07 
794 4.08373e-07 
795 4.42975e-07 
796 4.21751e-07 
797 4.32634e-07 
798 4.45274e-07 
799 4.28999e-07 
800 4.34478e-07 
801 4.20638e-07 
802 4.23464e-07 
803 4.14989e-07 
804 4.40615e-07 
805 4.20708e-07 
806 4.20148e-07 
807 3.74607e-07 
808 4.07547e-07 
809 4.17587e-07 
810 4.12117e-07 
811 3.61927e-07 
812 3.97182e-07 
813 4.17937e-07 
814 4.23398e-07 
815 4.16899e-07 
816 4.28895e-07 
817 4.04013e-07 
818 4.23864e-07 
819 4.02579e-07 
820 4.1801e-07 
821 4.25708e-07 
822 4.26777e-07 
823 4.07122e-07 
824 3.85579e-07 
825 4.22287e-07 
826 4.25392e-07 
827 3.85609e-07 
828 4.11669e-07 
829 4.09255e-07 
830 4.05436e-07 
831 4.04565e-07 
832 3.92266e-07 
833 4.17779e-07 
834 3.8195e-07 
835 4.06903e-07 
836 3.93544e-07 
837 4.03595e-07 
838 4.06599e-07 
839 3.94205e-07 
840 4.12339e-07 
841 3.81988e-07 
842 4.25732e-07 
843 3.83721e-07 
844 3.80054e-07 
845 4.09698e-07 
846 3.79589e-07 
847 4.11025e-07 
848 3.89248e-07 
849 4.11815e-07 
850 3.94982e-07 
851 4.03132e-07 
852 3.81585e-07 
853 3.98441e-07 
854 4.06535e-07 
855 3.95393e-07 
856 4.06193e-07 
857 3.84633e-07 
858 3.81815e-07 
859 4.05679e-07 
860 3.54777e-07 
861 3.81647e-07 
862 4.08564e-07 
863 3.89888e-07 
864 3.79996e-07 
865 3.85272e-07 
866 3.78376e-07 
867 3.89113e-07 
868 3.95448e-07 
869 4.03882e-07 
870 3.6377e-07 
871 3.90345e-07 
872 4.14118e-07 
873 3.82475e-07 
874 3.9828e-07 
875 3.77698e-07 
876 3.9444e-07 
877 3.91495e-07 
878 4.02471e-07 
879 3.73566e-07 
880 3.95343e-07 
881 4.06632e-07 
882 3.60424e-07 
883 3.88347e-07 
884 3.82009e-07 
885 4.11033e-07 
886 4.20553e-07 
887 3.96671e-07 
888 3.97927e-07 
889 3.70366e-07 
890 3.86219e-07 
891 3.81188e-07 
892 3.82678e-07 
893 3.66882e-07 
894 3.67464e-07 
895 3.83598e-07 
896 3.77168e-07 
897 3.64786e-07 
898 3.79588e-07 
899 3.76674e-07 
900 3.69599e-07 
901 3.66462e-07 
902 3.83064e-07 
903 3.69674e-07 
904 3.72829e-07 
905 3.59981e-07 
906 3.50828e-07 
907 3.4859e-07 
908 3.69701e-07 
909 3.72189e-07 
910 3.79989e-07 
911 3.69195e-07 
912 3.44385e-07 
913 3.68445e-07 
914 3.64943e-07 
915 3.47054e-07 
916 3.85611e-07 
917 3.59815e-07 
918 3.34311e-07 
919 3.63742e-07 
920 3.69997e-07 
921 3.48132e-07 
922 3.70269e-07 
923 3.64888e-07 
924 3.52151e-07 
925 3.6635e-07 
926 3.50164e-07 
927 3.54555e-07 
928 3.69794e-07 
929 3.71991e-07 
930 3.38761e-07 
931 3.6705e-07 
932 3.51793e-07 
933 3.81143e-07 
934 3.57859e-07 
935 3.48765e-07 
936 3.41378e-07 
937 3.56564e-07 
938 3.55063e-07 
939 3.3264e-07 
940 3.38784e-07 
941 3.85682e-07 
942 3.52075e-07 
943 3.37822e-07 
944 3.36266e-07 
945 3.52425e-07 
946 3.63237e-07 
947 3.41546e-07 
948 3.59404e-07 
949 3.6146e-07 
950 3.54855e-07 
951 3.48574e-07 
952 3.38011e-07 
953 3.58714e-07 
954 3.31827e-07 
955 3.63973e-07 
956 3.52931e-07 
957 3.4239e-07 
958 3.21235e-07 
959 3.55219e-07 
960 3.42608e-07 
961 3.50792e-07 
962 3.5472e-07 
963 3.45661e-07 
964 3.40013e-07 
965 3.24004e-07 
966 3.41031e-07 
967 3.43827e-07 
968 3.2875e-07 
969 3.47735e-07 
970 3.11969e-07 
971 3.30119e-07 
972 3.40003e-07 
973 3.51605e-07 
974 3.33947e-07 
975 3.48647e-07 
976 3.47759e-07 
977 3.14889e-07 
978 3.46617e-07 
979 3.28755e-07 
980 3.24163e-07 
981 3.2357e-07 
982 3.39407e-07 
983 3.2383e-07 
984 3.2653e-07 
985 3.27167e-07 
986 3.17069e-07 
987 3.41668e-07 
988 3.53272e-07 
989 3.47709e-07 
990 3.33495e-07 
991 3.30273e-07 
992 3.18587e-07 
993 3.39431e-07 
994 3.4726e-07 
995 3.34932e-07 
996 3.22401e-07 
997 3.44616e-07 
998 3.29807e-07 
999 3.30637e-07 
1000 3.32234e-07 
1001 3.36457e-07 
1002 3.30831e-07 
1003 3.50554e-07 
1004 3.22149e-07 
1005 3.22309e-07 
1006 3.23255e-07 
1007 3.18825e-07 
1008 3.40295e-07 
1009 3.34112e-07 
1010 3.40944e-07 
1011 3.26141e-07 
1012 3.25357e-07 
1013 3.29832e-07 
1014 3.23636e-07 
1015 3.31827e-07 
1016 3.10677e-07 
1017 3.34205e-07 
1018 3.26077e-07 
1019 3.63668e-07 
1020 3.13704e-07 
1021 3.22566e-07 
1022 3.21334e-07 
1023 3.23252e-07 
1024 3.12377e-07 
1025 3.18571e-07 
1026 3.19633e-07 
1027 3.32325e-07 
1028 3.0879e-07 
1029 3.18138e-07 
1030 3.21878e-07 
1031 3.32728e-07 
1032 3.16111e-07 
1033 3.17688e-07 
1034 3.11359e-07 
1035 3.13324e-07 
1036 3.00496e-07 
1037 3.2364e-07 
1038 3.07933e-07 
1039 3.22431e-07 
1040 3.20423e-07 
1041 3.06573e-07 
1042 3.17751e-07 
1043 3.05585e-07 
1044 3.19725e-07 
1045 3.20745e-07 
1046 3.05917e-07 
1047 3.23479e-07 
1048 3.32526e-07 
1049 3.05172e-07 
1050 3.16667e-07 
1051 3.27474e-07 
1052 3.19887e-07 
1053 3.14304e-07 
1054 3.14738e-07 
1055 2.99821e-07 
1056 3.15154e-07 
1057 3.13604e-07 
1058 3.11057e-07 
1059 2.99579e-07 
1060 3.06505e-07 
1061 3.08065e-07 
1062 2.97303e-07 
1063 2.97741e-07 
1064 3.11766e-07 
1065 3.10692e-07 
1066 3.10097e-07 
1067 3.15494e-07 
1068 3.12936e-07 
1069 3.14766e-07 
1070 3.03197e-07 
1071 3.05065e-07 
1072 3.10569e-07 
1073 2.95503e-07 
1074 3.06253e-07 
1075 3.05048e-07 
1076 3.2309e-07 
1077 3.01007e-07 
1078 3.04425e-07 
1079 3.03831e-07 
1080 3.09301e-07 
1081 2.81469e-07 
1082 3.02197e-07 
1083 3.07742e-07 
1084 2.92499e-07 
1085 3.06335e-07 
1086 2.8766e-07 
1087 3.12156e-07 
1088 2.94268e-07 
1089 3.04288e-07 
1090 3.02396e-07 
1091 2.96119e-07 
1092 3.1112e-07 
1093 2.97287e-07 
1094 3.0075e-07 
1095 3.02585e-07 
1096 2.95861e-07 
1097 3.03532e-07 
1098 3.16645e-07 
1099 3.03844e-07 
1100 2.9317e-07 
1101 3.01029e-07 
1102 2.77376e-07 
1103 2.99273e-07 
1104 3.00006e-07 
1105 3.09529e-07 
1106 2.9972e-07 
1107 2.92627e-07 
1108 2.76235e-07 
1109 2.83546e-07 
1110 2.94792e-07 
1111 2.8997e-07 
1112 2.97829e-07 
1113 2.94721e-07 
1114 3.08478e-07 
1115 2.80629e-07 
1116 2.94016e-07 
1117 2.98182e-07 
1118 3.09119e-07 
1119 2.98898e-07 
1120 3.09495e-07 
1121 2.82645e-07 
1122 2.99368e-07 
1123 2.9158e-07 
1124 2.84374e-07 
1125 2.88266e-07 
1126 2.83189e-07 
1127 2.95249e-07 
1128 2.79458e-07 
1129 2.86765e-07 
1130 2.82642e-07 
1131 2.80522e-07 
1132 2.92378e-07 
1133 2.8327e-07 
1134 2.80768e-07 
1135 2.8154e-07 
1136 2.84157e-07 
1137 2.79987e-07 
1138 2.80113e-07 
1139 2.79672e-07 
1140 2.75414e-07 
1141 2.94802e-07 
1142 2.84927e-07 
1143 2.88639e-07 
1144 2.89484e-07 
1145 2.73589e-07 
1146 2.72427e-07 
1147 2.84444e-07 
1148 2.69984e-07 
1149 2.77599e-07 
1150 2.74777e-07 
1151 2.89244e-07 
1152 2.77083e-07 
1153 2.81341e-07 
1154 2.58846e-07 
1155 2.87281e-07 
1156 2.68611e-07 
1157 2.70404e-07 
1158 2.74996e-07 
1159 2.74179e-07 
1160 2.67847e-07 
1161 2.76747e-07 
1162 2.8514e-07 
1163 2.55964e-07 
1164 2.75628e-07 
1165 2.69438e-07 
1166 2.84795e-07 
1167 2.86085e-07 
1168 2.80004e-07 
1169 2.79931e-07 
1170 2.65626e-07 
1171 2.7354e-07 
1172 2.8283e-07 
1173 2.74194e-07 
1174 2.76201e-07 
1175 2.5532e-07 
1176 2.73479e-07 
1177 2.69632e-07 
1178 2.72101e-07 
1179 2.88837e-07 
1180 2.77152e-07 
1181 2.68397e-07 
1182 2.82111e-07 
1183 2.615e-07 
1184 2.84226e-07 
1185 2.59767e-07 
1186 2.67753e-07 
1187 2.63173e-07 
1188 2.75429e-07 
1189 2.78325e-07 
1190 2.71152e-07 
1191 2.65443e-07 
1192 2.63962e-07 
1193 2.74106e-07 
1194 2.68375e-07 
1195 2.70375e-07 
1196 2.64882e-07 
1197 2.66321e-07 
1198 2.6926e-07 
1199 2.77992e-07 
1200 2.6136e-07 
1201 2.68927e-07 
1202 2.75148e-07 
1203 2.71305e-07 
1204 2.69916e-07 
1205 2.60618e-07 
1206 2.67928e-07 
1207 2.50941e-07 
1208 2.56686e-07 
1209 2.75173e-07 
1210 2.73756e-07 
1211 2.70008e-07 
1212 2.75217e-07 
1213 2.60743e-07 
1214 2.66891e-07 
1215 2.72624e-07 
1216 2.59902e-07 
1217 2.71088e-07 
1218 2.67023e-07 
1219 2.74423e-07 
1220 2.6751e-07 
1221 2.48612e-07 
1222 2.54391e-07 
1223 2.76464e-07 
1224 2.44903e-07 
1225 2.61203e-07 
1226 2.60111e-07 
1227 2.62216e-07 
1228 2.58024e-07 
1229 2.57608e-07 
1230 2.55214e-07 
1231 2.68285e-07 
1232 2.63428e-07 
1233 2.65456e-07 
1234 2.55813e-07 
1235 2.62364e-07 
1236 2.49657e-07 
1237 2.59239e-07 
1238 2.47469e-07 
1239 2.42073e-07 
1240 2.56666e-07 
1241 2.5853e-07 
1242 2.61587e-07 
1243 2.6474e-07 
1244 2.69211e-07 
1245 2.55788e-07 
1246 2.54035e-07 
1247 2.57899e-07 
1248 2.5581e-07 
1249 2.56758e-07 
1250 2.5325e-07 
1251 2.59047e-07 
1252 2.41346e-07 
1253 2.5778e-07 
1254 2.57587e-07 
1255 2.65345e-07 
1256 2.58906e-07 
1257 2.67832e-07 
1258 2.43168e-07 
1259 2.49512e-07 
1260 2.45409e-07 
1261 2.49716e-07 
1262 2.49503e-07 
1263 2.38769e-07 
1264 2.41283e-07 
1265 2.55516e-07 
1266 2.50502e-07 
1267 2.45211e-07 
1268 2.44971e-07 
1269 2.57854e-07 
1270 2.44241e-07 
1271 2.56634e-07 
1272 2.45492e-07 
1273 2.51117e-07 
1274 2.48934e-07 
1275 2.45229e-07 
1276 2.41607e-07 
1277 2.53075e-07 
1278 2.43768e-07 
1279 2.30362e-07 
1280 2.52207e-07 
1281 2.36832e-07 
1282 2.38696e-07 
1283 2.55326e-07 
1284 2.37878e-07 
1285 2.42554e-07 
1286 2.61137e-07 
1287 2.49157e-07 
1288 2.49251e-07 
1289 2.49677e-07 
1290 2.39894e-07 
1291 2.44146e-07 
1292 2.43826e-07 
1293 2.44669e-07 
1294 2.44156e-07 
1295 2.38217e-07 
1296 2.42931e-07 
1297 2.38837e-07 
1298 2.37618e-07 
1299 2.38964e-07 
1300 2.44072e-07 
1301 2.42139e-07 
1302 2.41175e-07 
1303 2.40922e-07 
1304 2.32479e-07 
1305 2.41176e-07 
1306 2.37341e-07 
1307 2.3907e-07 
1308 2.50326e-07 
1309 2.34952e-07 
1310 2.32638e-07 
1311 2.44208e-07 
1312 2.40252e-07 
1313 2.30284e-07 
1314 2.39541e-07 
1315 2.43456e-07 
1316 2.35275e-07 
1317 2.44843e-07 
1318 2.39829e-07 
1319 2.49374e-07 
1320 2.41396e-07 
1321 2.31359e-07 
1322 2.27832e-07 
1323 2.42076e-07 
1324 2.26881e-07 
1325 2.35399e-07 
1326 2.31496e-07 
1327 2.39193e-07 
1328 2.30043e-07 
1329 2.50695e-07 
1330 2.39573e-07 
1331 2.34538e-07 
1332 2.27314e-07 
1333 2.28505e-07 
1334 2.39823e-07 
1335 2.28886e-07 
1336 2.21509e-07 
1337 2.2709e-07 
1338 2.35389e-07 
1339 2.22992e-07 
1340 2.31108e-07 
1341 2.30096e-07 
1342 2.34125e-07 
1343 2.33991e-07 
1344 2.26633e-07 
1345 2.20216e-07 
1346 2.34783e-07 
1347 2.28087e-07 
1348 2.34637e-07 
1349 2.19361e-07 
1350 2.28745e-07 
1351 2.2642e-07 
1352 2.4064e-07 
1353 2.33022e-07 
1354 2.38627e-07 
1355 2.37088e-07 
1356 2.22538e-07 
1357 2.26907e-07 
1358 2.28962e-07 
1359 2.31582e-07 
1360 2.26758e-07 
1361 2.28546e-07 
1362 2.37531e-07 
1363 2.34378e-07 
1364 2.33258e-07 
1365 2.29098e-07 
1366 2.31735e-07 
1367 2.28446e-07 
1368 2.33684e-07 
1369 2.31279e-07 
1370 2.24175e-07 
1371 2.22966e-07 
1372 2.28367e-07 
1373 2.22538e-07 
1374 2.22876e-07 
1375 2.23614e-07 
1376 2.26322e-07 
1377 2.24875e-07 
1378 2.30587e-07 
1379 2.40085e-07 
1380 2.30072e-07 
1381 2.1764e-07 
1382 2.20932e-07 
1383 2.22838e-07 
1384 2.29957e-07 
1385 2.25596e-07 
1386 2.1184e-07 
1387 2.17644e-07 
1388 2.22562e-07 
1389 2.21932e-07 
1390 2.23535e-07 
1391 2.29258e-07 
1392 2.34646e-07 
1393 2.19844e-07 
1394 2.10981e-07 
1395 2.20394e-07 
1396 2.19007e-07 
1397 2.3211e-07 
1398 2.33135e-07 
1399 2.16612e-07 
1400 2.25655e-07 
1401 2.14684e-07 
1402 2.25129e-07 
1403 2.25307e-07 
1404 2.20912e-07 
1405 2.14968e-07 
1406 2.19547e-07 
1407 2.13923e-07 
1408 2.2173e-07 
1409 2.18301e-07 
1410 2.14958e-07 
1411 2.20165e-07 
1412 2.17003e-07 
1413 2.30526e-07 
1414 2.32825e-07 
1415 2.153e-07 
1416 2.14548e-07 
1417 2.16628e-07 
1418 2.13896e-07 
1419 2.19457e-07 
1420 2.18571e-07 
1421 2.22851e-07 
1422 2.18539e-07 
1423 2.2029e-07 
1424 2.08925e-07 
1425 2.1758e-07 
1426 2.18998e-07 
1427 2.25843e-07 
1428 2.13435e-07 
1429 2.13228e-07 
1430 2.26868e-07 
1431 2.10811e-07 
1432 2.22746e-07 
1433 2.13613e-07 
1434 2.17488e-07 
1435 2.18573e-07 
1436 2.04198e-07 
1437 2.15996e-07 
1438 2.12075e-07 
1439 2.11137e-07 
1440 2.16645e-07 
1441 2.15991e-07 
1442 2.16917e-07 
1443 2.1281e-07 
1444 2.1096e-07 
1445 2.20108e-07 
1446 2.13009e-07 
1447 2.1099e-07 
1448 2.26863e-07 
1449 2.18209e-07 
1450 2.14506e-07 
1451 2.14341e-07 
1452 2.12415e-07 
1453 2.10632e-07 
1454 2.03118e-07 
1455 2.10483e-07 
1456 2.14015e-07 
1457 2.19217e-07 
1458 2.18545e-07 
1459 2.16876e-07 
1460 2.08507e-07 
1461 2.04523e-07 
1462 2.03017e-07 
1463 2.12253e-07 
1464 2.08051e-07 
1465 2.09743e-07 
1466 2.01972e-07 
1467 2.06932e-07 
1468 2.02391e-07 
1469 2.20121e-07 
1470 2.09193e-07 
1471 2.01497e-07 
1472 2.08292e-07 
1473 2.13864e-07 
1474 2.10035e-07 
1475 2.10479e-07 
1476 2.08586e-07 
1477 2.01424e-07 
1478 2.01438e-07 
1479 2.11226e-07 
1480 2.02912e-07 
1481 2.09068e-07 
1482 2.08129e-07 
1483 1.99526e-07 
1484 2.08939e-07 
1485 2.01875e-07 
1486 2.07731e-07 
1487 1.99196e-07 
1488 2.02176e-07 
1489 2.14258e-07 
1490 2.04811e-07 
1491 2.00826e-07 
1492 2.00458e-07 
1493 2.11643e-07 
1494 1.96999e-07 
1495 1.99203e-07 
1496 2.01049e-07 
1497 1.99538e-07 
1498 2.00603e-07 
1499 2.05545e-07 
1500 1.98914e-07 
1501 1.99295e-07 
1502 2.05851e-07 
1503 2.03004e-07 
1504 1.94403e-07 
1505 2.03077e-07 
1506 1.97396e-07 
1507 1.99588e-07 
1508 2.02864e-07 
1509 1.93616e-07 
1510 1.97954e-07 
1511 2.07886e-07 
1512 1.94822e-07 
1513 2.04424e-07 
1514 2.01912e-07 
1515 1.83022e-07 
1516 1.94906e-07 
1517 1.97695e-07 
1518 1.99749e-07 
1519 1.92185e-07 
1520 1.92347e-07 
1521 2.03262e-07 
1522 2.01528e-07 
1523 2.01573e-07 
1524 1.99073e-07 
1525 2.02965e-07 
1526 1.91913e-07 
1527 2.00859e-07 
1528 1.96902e-07 
1529 1.99283e-07 
1530 1.90408e-07 
1531 1.97975e-07 
1532 1.98151e-07 
1533 1.88577e-07 
1534 1.97684e-07 
1535 2.05662e-07 
1536 1.96634e-07 
1537 2.00041e-07 
1538 1.99414e-07 
1539 2.00418e-07 
1540 1.92626e-07 
1541 1.94359e-07 
1542 1.98817e-07 
1543 1.92957e-07 
1544 1.9325e-07 
1545 1.93824e-07 
1546 1.97011e-07 
1547 1.95699e-07 
1548 1.87454e-07 
1549 1.92148e-07 
1550 1.92981e-07 
1551 1.95224e-07 
1552 1.94255e-07 
1553 1.85667e-07 
1554 1.99099e-07 
1555 1.88512e-07 
1556 1.89015e-07 
1557 1.974e-07 
1558 1.94664e-07 
1559 1.90295e-07 
1560 2.02185e-07 
1561 1.98167e-07 
1562 1.98112e-07 
1563 1.93994e-07 
1564 1.86034e-07 
1565 1.94492e-07 
1566 1.80286e-07 
1567 1.84819e-07 
1568 1.92592e-07 
1569 1.88308e-07 
1570 1.89906e-07 
1571 1.9342e-07 
1572 1.86449e-07 
1573 1.88593e-07 
1574 2.00698e-07 
1575 1.94277e-07 
1576 1.88783e-07 
1577 1.88613e-07 
1578 1.84699e-07 
1579 1.95274e-07 
1580 1.88143e-07 
1581 1.88911e-07 
1582 1.86783e-07 
1583 1.89856e-07 
1584 1.88093e-07 
1585 1.85477e-07 
1586 1.84739e-07 
1587 1.81445e-07 
1588 1.87433e-07 
1589 1.88983e-07 
1590 1.79311e-07 
1591 1.85735e-07 
1592 1.94224e-07 
1593 1.94376e-07 
1594 1.84238e-07 
1595 1.82697e-07 
1596 1.84574e-07 
1597 1.85883e-07 
1598 1.86437e-07 
1599 1.98358e-07 
1600 1.90505e-07 
1601 1.80392e-07 
1602 1.87167e-07 
1603 1.79904e-07 
1604 1.80276e-07 
1605 1.8559e-07 
1606 1.83857e-07 
1607 1.86718e-07 
1608 1.8934e-07 
1609 1.85026e-07 
1610 1.86228e-07 
1611 1.82019e-07 
1612 1.8176e-07 
1613 1.77525e-07 
1614 1.83625e-07 
1615 1.85778e-07 
1616 1.79982e-07 
1617 1.82854e-07 
1618 1.80989e-07 
1619 1.85169e-07 
1620 1.81807e-07 
1621 1.83393e-07 
1622 1.88096e-07 
1623 1.66405e-07 
1624 1.7449e-07 
1625 1.82688e-07 
1626 1.85192e-07 
1627 1.84851e-07 
1628 1.83774e-07 
1629 1.83153e-07 
1630 1.77416e-07 
1631 1.83077e-07 
1632 1.77523e-07 
1633 1.86486e-07 
1634 1.81733e-07 
1635 1.90642e-07 
1636 1.83449e-07 
1637 1.83811e-07 
1638 1.74969e-07 
1639 1.76442e-07 
1640 1.79529e-07 
1641 1.76158e-07 
1642 1.72542e-07 
1643 1.83436e-07 
1644 1.81625e-07 
1645 1.79457e-07 
1646 1.78858e-07 
1647 1.77972e-07 
1648 1.83634e-07 
1649 1.75945e-07 
1650 1.81093e-07 
1651 1.78389e-07 
1652 1.80698e-07 
1653 1.83869e-07 
1654 1.75676e-07 
1655 1.75516e-07 
1656 1.75381e-07 
1657 1.78894e-07 
1658 1.8312e-07 
1659 1.75084e-07 
1660 1.79795e-07 
1661 1.83038e-07 
1662 1.76596e-07 
1663 1.71723e-07 
1664 1.7376e-07 
1665 1.82429e-07 
1666 1.73348e-07 
1667 1.69902e-07 
1668 1.71014e-07 
1669 1.79219e-07 
1670 1.78807e-07 
1671 1.76958e-07 
1672 1.72046e-07 
1673 1.73486e-07 
1674 1.75433e-07 
1675 1.73765e-07 
1676 1.78936e-07 
1677 1.75918e-07 
1678 1.72618e-07 
1679 1.74234e-07 
1680 1.70133e-07 
1681 1.72669e-07 
1682 1.77625e-07 
1683 1.75716e-07 
1684 1.77627e-07 
1685 1.71962e-07 
1686 1.73972e-07 
1687 1.7728e-07 
1688 1.6402e-07 
1689 1.70349e-07 
1690 1.7952e-07 
1691 1.78957e-07 
1692 1.76612e-07 
1693 1.6567e-07 
1694 1.72301e-07 
1695 1.81155e-07 
1696 1.72006e-07 
1697 1.70296e-07 
1698 1.73185e-07 
1699 1.722e-07 
1700 1.69797e-07 
1701 1.65053e-07 
1702 1.72003e-07 
1703 1.8054e-07 
1704 1.72981e-07 
1705 1.70087e-07 
1706 1.69064e-07 
1707 1.63893e-07 
1708 1.68844e-07 
1709 1.71361e-07 
1710 1.68755e-07 
1711 1.68117e-07 
1712 1.72063e-07 
1713 1.70996e-07 
1714 1.7132e-07 
1715 1.67868e-07 
1716 1.73171e-07 
1717 1.66317e-07 
1718 1.67091e-07 
1719 1.71107e-07 
1720 1.68142e-07 
1721 1.6758e-07 
1722 1.62946e-07 
1723 1.74485e-07 
1724 1.67466e-07 
1725 1.72323e-07 
1726 1.71756e-07 
1727 1.64348e-07 
1728 1.6079e-07 
1729 1.69783e-07 
1730 1.70004e-07 
1731 1.63437e-07 
1732 1.62715e-07 
1733 1.62843e-07 
1734 1.73178e-07 
1735 1.58975e-07 
1736 1.71411e-07 
1737 1.69101e-07 
1738 1.66871e-07 
1739 1.74468e-07 
1740 1.66875e-07 
1741 1.63661e-07 
1742 1.66698e-07 
1743 1.67923e-07 
1744 1.71837e-07 
1745 1.63218e-07 
1746 1.63783e-07 
1747 1.68892e-07 
1748 1.67223e-07 
1749 1.61147e-07 
1750 1.61416e-07 
1751 1.63258e-07 
1752 1.67373e-07 
1753 1.62566e-07 
1754 1.6153e-07 
1755 1.61366e-07 
1756 1.63718e-07 
1757 1.58726e-07 
1758 1.66737e-07 
1759 1.57527e-07 
1760 1.65469e-07 
1761 1.62336e-07 
1762 1.65387e-07 
1763 1.6519e-07 
1764 1.57325e-07 
1765 1.57858e-07 
1766 1.63588e-07 
1767 1.6472e-07 
1768 1.6846e-07 
1769 1.64125e-07 
1770 1.60842e-07 
1771 1.6662e-07 
1772 1.58358e-07 
1773 1.6701e-07 
1774 1.617e-07 
1775 1.62258e-07 
1776 1.64951e-07 
1777 1.64049e-07 
1778 1.65216e-07 
1779 1.52415e-07 
1780 1.64197e-07 
1781 1.6653e-07 
1782 1.58201e-07 
1783 1.60414e-07 
1784 1.54944e-07 
1785 1.63624e-07 
1786 1.58947e-07 
1787 1.64328e-07 
1788 1.49848e-07 
1789 1.56588e-07 
1790 1.65614e-07 
1791 1.53645e-07 
1792 1.53215e-07 
1793 1.6041e-07 
1794 1.56637e-07 
1795 1.5962e-07 
1796 1.53993e-07 
1797 1.49555e-07 
1798 1.62377e-07 
1799 1.57674e-07 
1800 1.62615e-07 
1801 1.63863e-07 
1802 1.54919e-07 
1803 1.58916e-07 
1804 1.64215e-07 
1805 1.56766e-07 
1806 1.50831e-07 
1807 1.64754e-07 
1808 1.58414e-07 
1809 1.56631e-07 
1810 1.588e-07 
1811 1.62991e-07 
1812 1.57999e-07 
1813 1.55316e-07 
1814 1.5205e-07 
1815 1.5676e-07 
1816 1.61554e-07 
1817 1.50399e-07 
1818 1.6155e-07 
1819 1.56323e-07 
1820 1.53419e-07 
1821 1.51254e-07 
1822 1.52393e-07 
1823 1.57931e-07 
1824 1.5337e-07 
1825 1.60639e-07 
1826 1.58402e-07 
1827 1.51389e-07 
1828 1.5582e-07 
1829 1.53329e-07 
1830 1.58133e-07 
1831 1.60087e-07 
1832 1.60198e-07 
1833 1.55334e-07 
1834 1.57995e-07 
1835 1.54399e-07 
1836 1.5246e-07 
1837 1.47422e-07 
1838 1.5444e-07 
1839 1.50552e-07 
1840 1.5052e-07 
1841 1.52591e-07 
1842 1.47925e-07 
1843 1.52328e-07 
1844 1.53734e-07 
1845 1.53944e-07 
1846 1.55419e-07 
1847 1.49566e-07 
1848 1.51306e-07 
1849 1.53442e-07 
1850 1.49145e-07 
1851 1.49079e-07 
1852 1.4658e-07 
1853 1.51349e-07 
1854 1.52012e-07 
1855 1.50429e-07 
1856 1.5397e-07 
1857 1.51028e-07 
1858 1.54621e-07 
1859 1.46512e-07 
1860 1.5176e-07 
1861 1.45577e-07 
1862 1.45796e-07 
1863 1.55597e-07 
1864 1.4928e-07 
1865 1.50406e-07 
1866 1.49576e-07 
1867 1.4674e-07 
1868 1.48119e-07 
1869 1.49227e-07 
1870 1.50868e-07 
1871 1.47962e-07 
1872 1.48041e-07 
1873 1.53208e-07 
1874 1.5013e-07 
1875 1.41271e-07 
1876 1.43362e-07 
1877 1.44304e-07 
1878 1.5292e-07 
1879 1.46527e-07 
1880 1.46671e-07 
1881 1.44436e-07 
1882 1.52097e-07 
1883 1.46678e-07 
1884 1.48087e-07 
1885 1.46349e-07 
1886 1.49679e-07 
1887 1.4882e-07 
1888 1.43405e-07 
1889 1.43899e-07 
1890 1.4619e-07 
1891 1.499e-07 
1892 1.50534e-07 
1893 1.43855e-07 
1894 1.49792e-07 
1895 1.4734e-07 
1896 1.48385e-07 
1897 1.43624e-07 
1898 1.45045e-07 
1899 1.44174e-07 
1900 1.4466e-07 
1901 1.4226e-07 
1902 1.48918e-07 
1903 1.41418e-07 
1904 1.50566e-07 
1905 1.44854e-07 
1906 1.4254e-07 
1907 1.46552e-07 
1908 1.43907e-07 
1909 1.43474e-07 
1910 1.42206e-07 
1911 1.37666e-07 
1912 1.46743e-07 
1913 1.39439e-07 
1914 1.46832e-07 
1915 1.44942e-07 
1916 1.41952e-07 
1917 1.4041e-07 
1918 1.4121e-07 
1919 1.39672e-07 
1920 1.44202e-07 
1921 1.43011e-07 
1922 1.47689e-07 
1923 1.40763e-07 
1924 1.40875e-07 
1925 1.41303e-07 
1926 1.44659e-07 
1927 1.3901e-07 
1928 1.42361e-07 
1929 1.44856e-07 
1930 1.43918e-07 
1931 1.41166e-07 
1932 1.41241e-07 
1933 1.39749e-07 
1934 1.40509e-07 
1935 1.44564e-07 
1936 1.40588e-07 
1937 1.43512e-07 
1938 1.41116e-07 
1939 1.42012e-07 
1940 1.40767e-07 
1941 1.41923e-07 
1942 1.3654e-07 
1943 1.37878e-07 
1944 1.45228e-07 
1945 1.38828e-07 
1946 1.35333e-07 
1947 1.36539e-07 
1948 1.44376e-07 
1949 1.37811e-07 
1950 1.39146e-07 
1951 1.45235e-07 
1952 1.40191e-07 
1953 1.42174e-07 
1954 1.38713e-07 
1955 1.37618e-07 
1956 1.34478e-07 
1957 1.38375e-07 
1958 1.37771e-07 
1959 1.38153e-07 
1960 1.3605e-07 
1961 1.38348e-07 
1962 1.40259e-07 
1963 1.38605e-07 
1964 1.38028e-07 
1965 1.35674e-07 
1966 1.42341e-07 
1967 1.35014e-07 
1968 1.37897e-07 
1969 1.39758e-07 
1970 1.34583e-07 
1971 1.38655e-07 
1972 1.36891e-07 
1973 1.4133e-07 
1974 1.4195e-07 
1975 1.37468e-07 
1976 1.30747e-07 
1977 1.37984e-07 
1978 1.37314e-07 
1979 1.34921e-07 
1980 1.40876e-07 
1981 1.35691e-07 
1982 1.31342e-07 
1983 1.32586e-07 
1984 1.40779e-07 
1985 1.33676e-07 
1986 1.33547e-07 
1987 1.36541e-07 
1988 1.35491e-07 
1989 1.32896e-07 
1990 1.33936e-07 
1991 1.33143e-07 
1992 1.35368e-07 
1993 1.28409e-07 
1994 1.36785e-07 
1995 1.36662e-07 
1996 1.37458e-07 
1997 1.37604e-07 
1998 1.36283e-07 
1999 1.3412e-07 
2000 1.35829e-07 
