# l Cl-f1z1f1z1
1 4.0471e-05 
2 2.36495e-05 
3 2.16967e-05 
4 3.44378e-05 
5 5.30649e-05 
6 3.17829e-05 
7 3.86994e-05 
8 4.72136e-05 
9 2.24681e-05 
10 6.38069e-05 
11 3.50884e-05 
12 2.28562e-05 
13 4.03494e-05 
14 3.29947e-05 
15 3.66453e-05 
16 2.10066e-05 
17 2.46373e-05 
18 2.82506e-05 
19 3.11802e-05 
20 3.36823e-05 
21 2.91067e-05 
22 1.75701e-05 
23 4.27555e-05 
24 2.13802e-05 
25 2.77649e-05 
26 2.54151e-05 
27 2.71836e-05 
28 2.40172e-05 
29 2.73384e-05 
30 2.15171e-05 
31 1.93011e-05 
32 2.30883e-05 
33 1.92608e-05 
34 1.54216e-05 
35 1.91901e-05 
36 1.82706e-05 
37 1.77512e-05 
38 1.63886e-05 
39 1.83337e-05 
40 1.31714e-05 
41 1.36337e-05 
42 1.2428e-05 
43 1.56152e-05 
44 1.50911e-05 
45 1.62596e-05 
46 1.50415e-05 
47 1.42988e-05 
48 1.72959e-05 
49 1.47435e-05 
50 1.33898e-05 
51 1.17313e-05 
52 1.36293e-05 
53 1.47614e-05 
54 1.59789e-05 
55 1.46838e-05 
56 1.11626e-05 
57 1.38191e-05 
58 1.11801e-05 
59 1.20096e-05 
60 1.0314e-05 
61 1.24854e-05 
62 1.25091e-05 
63 1.35184e-05 
64 1.16714e-05 
65 9.57028e-06 
66 1.05197e-05 
67 1.12989e-05 
68 1.13299e-05 
69 1.11574e-05 
70 1.06478e-05 
71 8.53601e-06 
72 8.74043e-06 
73 8.15896e-06 
74 9.21831e-06 
75 9.48415e-06 
76 8.76872e-06 
77 8.94988e-06 
78 1.21795e-05 
79 9.1387e-06 
80 8.83474e-06 
81 9.84468e-06 
82 8.23763e-06 
83 7.68264e-06 
84 8.14726e-06 
85 7.19414e-06 
86 7.39064e-06 
87 7.04848e-06 
88 6.78398e-06 
89 6.56213e-06 
90 6.41113e-06 
91 7.38029e-06 
92 7.00998e-06 
93 6.80983e-06 
94 5.59354e-06 
95 5.56153e-06 
96 6.29246e-06 
97 6.50977e-06 
98 6.19977e-06 
99 6.43636e-06 
100 5.82834e-06 
101 7.13098e-06 
102 6.68436e-06 
103 6.11787e-06 
104 5.90991e-06 
105 5.35013e-06 
106 5.14896e-06 
107 4.66323e-06 
108 5.8282e-06 
109 4.75773e-06 
110 5.63012e-06 
111 5.13778e-06 
112 4.98538e-06 
113 4.71318e-06 
114 5.39467e-06 
115 5.05939e-06 
116 4.97165e-06 
117 4.93772e-06 
118 5.23336e-06 
119 4.42217e-06 
120 4.90039e-06 
121 4.57315e-06 
122 4.32627e-06 
123 4.19524e-06 
124 4.75511e-06 
125 5.00487e-06 
126 4.2771e-06 
127 4.4485e-06 
128 4.3381e-06 
129 4.55358e-06 
130 4.53056e-06 
131 4.37773e-06 
132 3.59241e-06 
133 3.88807e-06 
134 4.2329e-06 
135 3.82958e-06 
136 3.77776e-06 
137 3.91582e-06 
138 3.45152e-06 
139 4.11463e-06 
140 3.78381e-06 
141 4.11354e-06 
142 4.47417e-06 
143 3.87685e-06 
144 3.936e-06 
145 4.18791e-06 
146 3.15882e-06 
147 3.93945e-06 
148 3.34254e-06 
149 3.64191e-06 
150 3.25551e-06 
151 3.27423e-06 
152 2.85649e-06 
153 3.78784e-06 
154 3.66112e-06 
155 3.72902e-06 
156 3.58585e-06 
157 3.56819e-06 
158 3.31898e-06 
159 3.02417e-06 
160 3.12276e-06 
161 3.41764e-06 
162 3.20514e-06 
163 3.00393e-06 
164 3.08394e-06 
165 2.76008e-06 
166 3.31392e-06 
167 2.85763e-06 
168 2.89813e-06 
169 2.80002e-06 
170 2.62945e-06 
171 3.11724e-06 
172 2.66886e-06 
173 2.6665e-06 
174 2.96173e-06 
175 2.57552e-06 
176 2.51632e-06 
177 2.98169e-06 
178 2.84262e-06 
179 2.76443e-06 
180 2.22944e-06 
181 2.49553e-06 
182 2.91386e-06 
183 2.67621e-06 
184 2.63821e-06 
185 2.32732e-06 
186 2.45875e-06 
187 2.48137e-06 
188 2.74599e-06 
189 2.55092e-06 
190 2.40039e-06 
191 2.64056e-06 
192 2.34737e-06 
193 2.57427e-06 
194 2.33178e-06 
195 2.56031e-06 
196 2.3932e-06 
197 2.3398e-06 
198 2.24374e-06 
199 2.5822e-06 
200 2.29347e-06 
201 2.16533e-06 
202 2.3848e-06 
203 2.2886e-06 
204 2.17805e-06 
205 2.40798e-06 
206 2.08267e-06 
207 2.2864e-06 
208 2.00655e-06 
209 2.09573e-06 
210 2.16004e-06 
211 2.24152e-06 
212 2.15739e-06 
213 2.0162e-06 
214 1.93976e-06 
215 2.21732e-06 
216 2.04616e-06 
217 1.98747e-06 
218 1.98e-06 
219 2.13069e-06 
220 1.98172e-06 
221 1.9253e-06 
222 2.01008e-06 
223 2.00886e-06 
224 1.94797e-06 
225 2.0891e-06 
226 1.91077e-06 
227 1.86817e-06 
228 2.16064e-06 
229 2.12594e-06 
230 1.70941e-06 
231 1.43746e-06 
232 1.94627e-06 
233 1.97743e-06 
234 2.04404e-06 
235 1.79639e-06 
236 1.78435e-06 
237 1.86143e-06 
238 1.91981e-06 
239 1.71288e-06 
240 1.73884e-06 
241 1.73379e-06 
242 1.63917e-06 
243 1.85693e-06 
244 1.79917e-06 
245 1.59298e-06 
246 1.63116e-06 
247 1.61727e-06 
248 1.75945e-06 
249 1.77423e-06 
250 1.75276e-06 
251 1.58117e-06 
252 1.56759e-06 
253 1.87086e-06 
254 1.70989e-06 
255 1.74663e-06 
256 1.47574e-06 
257 1.51775e-06 
258 1.49578e-06 
259 1.73755e-06 
260 1.44864e-06 
261 1.59136e-06 
262 1.59466e-06 
263 1.53086e-06 
264 1.55528e-06 
265 1.62067e-06 
266 1.55699e-06 
267 1.4538e-06 
268 1.47929e-06 
269 1.61795e-06 
270 1.48027e-06 
271 1.46882e-06 
272 1.57785e-06 
273 1.53182e-06 
274 1.5241e-06 
275 1.50649e-06 
276 1.35207e-06 
277 1.46521e-06 
278 1.38909e-06 
279 1.4001e-06 
280 1.28596e-06 
281 1.46326e-06 
282 1.41227e-06 
283 1.35834e-06 
284 1.49194e-06 
285 1.35162e-06 
286 1.63444e-06 
287 1.34578e-06 
288 1.48402e-06 
289 1.4329e-06 
290 1.45414e-06 
291 1.34421e-06 
292 1.31625e-06 
293 1.22646e-06 
294 1.27756e-06 
295 1.29738e-06 
296 1.27821e-06 
297 1.29437e-06 
298 1.3001e-06 
299 1.41237e-06 
300 1.47093e-06 
301 1.2315e-06 
302 1.34864e-06 
303 1.34293e-06 
304 1.30339e-06 
305 1.33801e-06 
306 1.3033e-06 
307 1.34276e-06 
308 1.35974e-06 
309 1.27371e-06 
310 1.13399e-06 
311 1.17193e-06 
312 1.24835e-06 
313 1.15952e-06 
314 1.33069e-06 
315 1.16637e-06 
316 1.34074e-06 
317 1.34744e-06 
318 1.20672e-06 
319 1.10585e-06 
320 1.18744e-06 
321 1.15979e-06 
322 1.27761e-06 
323 1.17735e-06 
324 1.16699e-06 
325 1.30234e-06 
326 1.14164e-06 
327 1.14477e-06 
328 1.21815e-06 
329 1.1657e-06 
330 1.10607e-06 
331 1.10971e-06 
332 1.22929e-06 
333 1.15534e-06 
334 1.09686e-06 
335 1.15735e-06 
336 1.07189e-06 
337 1.08961e-06 
338 1.11938e-06 
339 1.05588e-06 
340 1.20594e-06 
341 1.17421e-06 
342 1.142e-06 
343 1.04743e-06 
344 1.17878e-06 
345 1.12865e-06 
346 1.06542e-06 
347 1.02888e-06 
348 1.06891e-06 
349 1.0744e-06 
350 1.05646e-06 
351 1.08695e-06 
352 9.69843e-07 
353 1.03966e-06 
354 1.07102e-06 
355 1.01104e-06 
356 9.82332e-07 
357 1.02612e-06 
358 1.08255e-06 
359 1.09719e-06 
360 1.0165e-06 
361 1.05439e-06 
362 1.00678e-06 
363 9.79654e-07 
364 9.33792e-07 
365 9.97853e-07 
366 1.08697e-06 
367 9.69079e-07 
368 1.01506e-06 
369 1.071e-06 
370 1.02629e-06 
371 1.0268e-06 
372 1.0148e-06 
373 1.07592e-06 
374 9.9437e-07 
375 1.02012e-06 
376 1.10923e-06 
377 9.48147e-07 
378 1.00885e-06 
379 9.85459e-07 
380 1.05739e-06 
381 9.65477e-07 
382 9.92631e-07 
383 1.04094e-06 
384 9.32701e-07 
385 9.5442e-07 
386 9.30781e-07 
387 9.93642e-07 
388 9.41169e-07 
389 9.11518e-07 
390 8.63947e-07 
391 9.35964e-07 
392 9.55032e-07 
393 8.88305e-07 
394 1.03315e-06 
395 9.59754e-07 
396 9.59831e-07 
397 9.17869e-07 
398 9.19198e-07 
399 9.0303e-07 
400 9.20738e-07 
401 8.9625e-07 
402 9.44482e-07 
403 9.32141e-07 
404 8.74343e-07 
405 8.79185e-07 
406 8.63793e-07 
407 8.92737e-07 
408 8.78667e-07 
409 8.41484e-07 
410 9.38607e-07 
411 8.57664e-07 
412 8.94093e-07 
413 9.04557e-07 
414 9.23251e-07 
415 8.63258e-07 
416 9.1555e-07 
417 9.07188e-07 
418 9.57257e-07 
419 8.92571e-07 
420 8.07479e-07 
421 8.68854e-07 
422 8.58478e-07 
423 8.42576e-07 
424 8.37207e-07 
425 8.50991e-07 
426 9.05453e-07 
427 8.24657e-07 
428 7.96317e-07 
429 7.74327e-07 
430 8.3249e-07 
431 8.09388e-07 
432 8.50161e-07 
433 8.39437e-07 
434 7.91545e-07 
435 8.20698e-07 
436 8.03263e-07 
437 7.69153e-07 
438 7.70031e-07 
439 7.5002e-07 
440 8.0368e-07 
441 8.67837e-07 
442 8.49954e-07 
443 8.11654e-07 
444 7.85593e-07 
445 7.57694e-07 
446 7.63252e-07 
447 8.52471e-07 
448 8.34783e-07 
449 7.98032e-07 
450 7.86141e-07 
451 7.86409e-07 
452 7.41054e-07 
453 8.20835e-07 
454 7.80413e-07 
455 7.26423e-07 
456 7.53477e-07 
457 8.00319e-07 
458 7.79787e-07 
459 8.01943e-07 
460 7.60374e-07 
461 7.58785e-07 
462 7.39784e-07 
463 7.48046e-07 
464 7.83206e-07 
465 7.96271e-07 
466 7.75464e-07 
467 7.86966e-07 
468 7.83396e-07 
469 7.77038e-07 
470 7.14987e-07 
471 8.00119e-07 
472 8.42145e-07 
473 7.26268e-07 
474 7.61524e-07 
475 7.79103e-07 
476 7.24923e-07 
477 8.10176e-07 
478 7.60592e-07 
479 7.23395e-07 
480 7.12439e-07 
481 7.58001e-07 
482 7.51295e-07 
483 7.89619e-07 
484 7.60159e-07 
485 7.45427e-07 
486 6.8387e-07 
487 7.69987e-07 
488 7.22273e-07 
489 7.384e-07 
490 7.51984e-07 
491 7.60077e-07 
492 6.74064e-07 
493 7.51302e-07 
494 7.21877e-07 
495 6.6498e-07 
496 7.18299e-07 
497 7.00962e-07 
498 7.15951e-07 
499 6.80519e-07 
500 6.80119e-07 
501 6.82925e-07 
502 6.88384e-07 
503 7.27452e-07 
504 6.87902e-07 
505 6.92892e-07 
506 6.48869e-07 
507 6.76897e-07 
508 6.78162e-07 
509 7.17059e-07 
510 7.45833e-07 
511 7.36672e-07 
512 7.29997e-07 
513 6.98151e-07 
514 7.22221e-07 
515 6.40686e-07 
516 6.76645e-07 
517 6.84293e-07 
518 6.91563e-07 
519 6.45267e-07 
520 6.60357e-07 
521 6.99708e-07 
522 6.37621e-07 
523 6.59106e-07 
524 6.32578e-07 
525 6.63013e-07 
526 6.73084e-07 
527 6.51269e-07 
528 6.47675e-07 
529 7.15767e-07 
530 6.72522e-07 
531 6.07292e-07 
532 6.39029e-07 
533 6.44054e-07 
534 6.68389e-07 
535 6.88837e-07 
536 6.65908e-07 
537 5.99295e-07 
538 6.67437e-07 
539 6.402e-07 
540 6.16134e-07 
541 6.69683e-07 
542 6.62866e-07 
543 6.24696e-07 
544 6.76936e-07 
545 6.67315e-07 
546 6.94493e-07 
547 6.71855e-07 
548 5.92188e-07 
549 6.0101e-07 
550 6.02008e-07 
551 6.38454e-07 
552 6.34022e-07 
553 6.321e-07 
554 6.51666e-07 
555 6.4497e-07 
556 6.60537e-07 
557 6.41937e-07 
558 5.95908e-07 
559 5.99892e-07 
560 6.38632e-07 
561 6.12242e-07 
562 6.29031e-07 
563 6.1135e-07 
564 6.10208e-07 
565 6.20986e-07 
566 6.60596e-07 
567 5.99296e-07 
568 6.12701e-07 
569 5.70023e-07 
570 5.76644e-07 
571 6.31501e-07 
572 5.53622e-07 
573 5.99473e-07 
574 5.73902e-07 
575 6.45273e-07 
576 6.04316e-07 
577 6.4572e-07 
578 5.9015e-07 
579 6.19797e-07 
580 5.96346e-07 
581 5.838e-07 
582 6.10475e-07 
583 5.6432e-07 
584 5.52861e-07 
585 5.99122e-07 
586 5.68984e-07 
587 6.06944e-07 
588 6.01701e-07 
589 5.92011e-07 
590 5.88397e-07 
591 5.89679e-07 
592 5.4145e-07 
593 6.20528e-07 
594 5.50881e-07 
595 5.74575e-07 
596 5.65964e-07 
597 5.88953e-07 
598 5.70093e-07 
599 5.53508e-07 
600 5.94012e-07 
601 5.50686e-07 
602 5.62339e-07 
603 6.17364e-07 
604 5.3424e-07 
605 5.58042e-07 
606 5.6257e-07 
607 5.45372e-07 
608 6.03061e-07 
609 5.85888e-07 
610 5.79965e-07 
611 5.66317e-07 
612 4.97161e-07 
613 5.40058e-07 
614 5.76833e-07 
615 5.7942e-07 
616 5.51564e-07 
617 5.69692e-07 
618 5.53909e-07 
619 5.29473e-07 
620 5.38237e-07 
621 5.52111e-07 
622 5.59716e-07 
623 5.42554e-07 
624 5.67899e-07 
625 5.61916e-07 
626 5.66284e-07 
627 5.36774e-07 
628 5.71295e-07 
629 5.34402e-07 
630 5.16049e-07 
631 5.25885e-07 
632 5.22031e-07 
633 5.05287e-07 
634 5.27068e-07 
635 5.38302e-07 
636 5.38609e-07 
637 5.30734e-07 
638 5.28183e-07 
639 5.44913e-07 
640 5.81385e-07 
641 5.10741e-07 
642 4.7284e-07 
643 5.45338e-07 
644 5.46329e-07 
645 5.23263e-07 
646 5.35857e-07 
647 5.49493e-07 
648 5.50828e-07 
649 4.88224e-07 
650 5.05868e-07 
651 5.32195e-07 
652 5.16991e-07 
653 5.1988e-07 
654 5.03718e-07 
655 5.39597e-07 
656 5.0356e-07 
657 5.10128e-07 
658 5.28688e-07 
659 5.24623e-07 
660 4.77776e-07 
661 5.25062e-07 
662 5.12519e-07 
663 5.39611e-07 
664 5.27957e-07 
665 4.70385e-07 
666 5.25752e-07 
667 4.84314e-07 
668 5.19269e-07 
669 5.25977e-07 
670 4.9293e-07 
671 5.16575e-07 
672 5.43961e-07 
673 5.19043e-07 
674 5.09003e-07 
675 4.91905e-07 
676 5.39359e-07 
677 4.97265e-07 
678 5.47257e-07 
679 4.93391e-07 
680 4.86211e-07 
681 5.06053e-07 
682 5.09118e-07 
683 5.10746e-07 
684 4.79642e-07 
685 5.06152e-07 
686 5.12315e-07 
687 4.94055e-07 
688 4.66226e-07 
689 4.67351e-07 
690 4.58039e-07 
691 4.8028e-07 
692 5.23458e-07 
693 5.05971e-07 
694 4.61685e-07 
695 5.00214e-07 
696 4.98647e-07 
697 4.88263e-07 
698 4.96394e-07 
699 4.93832e-07 
700 4.70442e-07 
701 4.61145e-07 
702 4.93293e-07 
703 4.61268e-07 
704 4.92841e-07 
705 4.80875e-07 
706 4.68293e-07 
707 4.66436e-07 
708 4.78243e-07 
709 4.72006e-07 
710 4.60273e-07 
711 4.97934e-07 
712 4.56023e-07 
713 4.5733e-07 
714 4.64155e-07 
715 5.03278e-07 
716 5.01458e-07 
717 4.85891e-07 
718 4.67692e-07 
719 4.98889e-07 
720 4.63417e-07 
721 4.45781e-07 
722 4.93032e-07 
723 4.63229e-07 
724 4.69253e-07 
725 4.55287e-07 
726 4.57457e-07 
727 4.48364e-07 
728 4.74846e-07 
729 4.93047e-07 
730 4.96472e-07 
731 4.65582e-07 
732 4.64263e-07 
733 4.60216e-07 
734 4.68416e-07 
735 4.7903e-07 
736 4.62833e-07 
737 4.72631e-07 
738 4.90825e-07 
739 4.9061e-07 
740 4.4066e-07 
741 4.60501e-07 
742 4.49995e-07 
743 4.67714e-07 
744 4.40869e-07 
745 4.33294e-07 
746 4.82935e-07 
747 4.40375e-07 
748 4.40185e-07 
749 4.61539e-07 
750 4.27034e-07 
751 4.65152e-07 
752 4.49479e-07 
753 4.38274e-07 
754 4.42795e-07 
755 4.50731e-07 
756 4.29174e-07 
757 4.78311e-07 
758 4.46753e-07 
759 4.65955e-07 
760 4.11745e-07 
761 4.37048e-07 
762 4.31507e-07 
763 4.40689e-07 
764 4.33666e-07 
765 4.63551e-07 
766 4.3705e-07 
767 4.46283e-07 
768 4.34069e-07 
769 3.9531e-07 
770 4.24513e-07 
771 4.4888e-07 
772 4.43171e-07 
773 4.37307e-07 
774 4.37231e-07 
775 4.62475e-07 
776 4.24131e-07 
777 4.42632e-07 
778 4.36739e-07 
779 4.29567e-07 
780 4.12111e-07 
781 4.03981e-07 
782 4.5061e-07 
783 4.40597e-07 
784 4.32905e-07 
785 4.24096e-07 
786 4.36003e-07 
787 4.60883e-07 
788 4.30771e-07 
789 4.0207e-07 
790 4.33301e-07 
791 4.27164e-07 
792 4.36317e-07 
793 4.07257e-07 
794 4.20994e-07 
795 4.3496e-07 
796 4.31814e-07 
797 4.19366e-07 
798 4.05156e-07 
799 4.40778e-07 
800 4.10871e-07 
801 4.03677e-07 
802 4.10791e-07 
803 4.22278e-07 
804 4.25693e-07 
805 4.00784e-07 
806 4.12084e-07 
807 4.12968e-07 
808 4.05677e-07 
809 4.06328e-07 
810 4.17585e-07 
811 4.2281e-07 
812 4.38623e-07 
813 4.36944e-07 
814 3.82917e-07 
815 4.39082e-07 
816 4.43343e-07 
817 4.22621e-07 
818 4.00753e-07 
819 4.26537e-07 
820 4.041e-07 
821 3.82245e-07 
822 4.14249e-07 
823 3.99061e-07 
824 4.14765e-07 
825 4.2406e-07 
826 4.07533e-07 
827 4.01167e-07 
828 4.15823e-07 
829 3.90703e-07 
830 3.80398e-07 
831 4.01809e-07 
832 3.96175e-07 
833 4.10549e-07 
834 3.96809e-07 
835 4.01705e-07 
836 3.88118e-07 
837 3.91013e-07 
838 4.18036e-07 
839 4.17624e-07 
840 3.911e-07 
841 3.80079e-07 
842 3.91555e-07 
843 4.10137e-07 
844 4.20978e-07 
845 3.92122e-07 
846 4.06155e-07 
847 3.96742e-07 
848 3.87818e-07 
849 3.80064e-07 
850 3.9298e-07 
851 3.97885e-07 
852 3.98624e-07 
853 4.00805e-07 
854 4.0568e-07 
855 3.83984e-07 
856 3.9056e-07 
857 4.01045e-07 
858 3.91563e-07 
859 3.79868e-07 
860 3.85362e-07 
861 3.86513e-07 
862 3.9087e-07 
863 3.7928e-07 
864 3.92995e-07 
865 4.00628e-07 
866 3.70567e-07 
867 4.09715e-07 
868 3.7209e-07 
869 4.08288e-07 
870 3.80689e-07 
871 3.82724e-07 
872 3.69429e-07 
873 3.64582e-07 
874 3.63917e-07 
875 3.76151e-07 
876 3.9002e-07 
877 3.64491e-07 
878 3.72077e-07 
879 3.93169e-07 
880 3.68445e-07 
881 3.84113e-07 
882 3.6391e-07 
883 3.76761e-07 
884 3.76883e-07 
885 3.83799e-07 
886 3.76708e-07 
887 3.67192e-07 
888 3.70486e-07 
889 3.644e-07 
890 3.75954e-07 
891 3.57711e-07 
892 3.82538e-07 
893 3.74764e-07 
894 3.7318e-07 
895 3.73105e-07 
896 3.84272e-07 
897 3.89135e-07 
898 3.57919e-07 
899 3.60348e-07 
900 3.76261e-07 
901 3.5857e-07 
902 3.7545e-07 
903 3.76343e-07 
904 3.59986e-07 
905 3.88567e-07 
906 3.46904e-07 
907 3.89664e-07 
908 3.72541e-07 
909 3.59982e-07 
910 3.59406e-07 
911 3.51429e-07 
912 3.60423e-07 
913 3.54574e-07 
914 3.71569e-07 
915 3.62293e-07 
916 3.62389e-07 
917 3.59183e-07 
918 3.49238e-07 
919 3.60479e-07 
920 3.4203e-07 
921 3.40176e-07 
922 3.74436e-07 
923 3.6544e-07 
924 3.63365e-07 
925 3.60357e-07 
926 3.61037e-07 
927 3.58398e-07 
928 3.52274e-07 
929 3.52868e-07 
930 3.5853e-07 
931 3.80989e-07 
932 3.55818e-07 
933 3.33606e-07 
934 3.62675e-07 
935 3.57674e-07 
936 3.51718e-07 
937 3.47399e-07 
938 3.55941e-07 
939 3.55826e-07 
940 3.59958e-07 
941 3.32838e-07 
942 3.56053e-07 
943 3.36026e-07 
944 3.39968e-07 
945 3.52858e-07 
946 3.6098e-07 
947 3.64704e-07 
948 3.55236e-07 
949 3.41244e-07 
950 3.69571e-07 
951 3.3908e-07 
952 3.56172e-07 
953 3.37234e-07 
954 3.53356e-07 
955 3.64455e-07 
956 3.49959e-07 
957 3.4792e-07 
958 3.68786e-07 
959 3.46641e-07 
960 3.574e-07 
961 3.50516e-07 
962 3.51602e-07 
963 3.43587e-07 
964 3.34998e-07 
965 3.38439e-07 
966 3.43569e-07 
967 3.67297e-07 
968 3.51596e-07 
969 3.35954e-07 
970 3.39444e-07 
971 3.51741e-07 
972 3.41944e-07 
973 3.6502e-07 
974 3.32102e-07 
975 3.35992e-07 
976 3.44981e-07 
977 3.48611e-07 
978 3.25176e-07 
979 3.40674e-07 
980 3.44273e-07 
981 3.37616e-07 
982 3.26658e-07 
983 3.60959e-07 
984 3.32107e-07 
985 3.20401e-07 
986 3.34999e-07 
987 3.36131e-07 
988 3.53043e-07 
989 3.20581e-07 
990 3.47062e-07 
991 3.33993e-07 
992 3.22191e-07 
993 3.47287e-07 
994 3.23862e-07 
995 3.41832e-07 
996 3.48076e-07 
997 3.40149e-07 
998 3.18473e-07 
999 3.27806e-07 
1000 3.27202e-07 
1001 3.28374e-07 
1002 3.2304e-07 
1003 3.18272e-07 
1004 3.25346e-07 
1005 3.25891e-07 
1006 3.27896e-07 
1007 3.36207e-07 
1008 3.25725e-07 
1009 3.17895e-07 
1010 3.10594e-07 
1011 3.17078e-07 
1012 3.30523e-07 
1013 3.27831e-07 
1014 3.14487e-07 
1015 3.28791e-07 
1016 3.23576e-07 
1017 3.19734e-07 
1018 3.34847e-07 
1019 3.16631e-07 
1020 3.33616e-07 
1021 3.21156e-07 
1022 3.38298e-07 
1023 3.20218e-07 
1024 3.32969e-07 
1025 3.05224e-07 
1026 3.32776e-07 
1027 3.23853e-07 
1028 3.33298e-07 
1029 3.07109e-07 
1030 3.23986e-07 
1031 3.11829e-07 
1032 3.04361e-07 
1033 3.31856e-07 
1034 3.08076e-07 
1035 3.18414e-07 
1036 2.98857e-07 
1037 3.09537e-07 
1038 3.03804e-07 
1039 3.13532e-07 
1040 3.14883e-07 
1041 2.99253e-07 
1042 3.1514e-07 
1043 3.21547e-07 
1044 3.15127e-07 
1045 3.19429e-07 
1046 3.17768e-07 
1047 3.23232e-07 
1048 2.94582e-07 
1049 3.24643e-07 
1050 2.92785e-07 
1051 3.12309e-07 
1052 3.22745e-07 
1053 3.0143e-07 
1054 3.1147e-07 
1055 3.1255e-07 
1056 3.15287e-07 
1057 2.93983e-07 
1058 3.22625e-07 
1059 3.19041e-07 
1060 3.08146e-07 
1061 3.09648e-07 
1062 3.14038e-07 
1063 3.05659e-07 
1064 2.9063e-07 
1065 3.06213e-07 
1066 3.04339e-07 
1067 3.0791e-07 
1068 3.09921e-07 
1069 3.22613e-07 
1070 3.09482e-07 
1071 2.9711e-07 
1072 3.04036e-07 
1073 2.93731e-07 
1074 3.07992e-07 
1075 3.04168e-07 
1076 3.15411e-07 
1077 3.14045e-07 
1078 3.20611e-07 
1079 3.17743e-07 
1080 3.02341e-07 
1081 3.09053e-07 
1082 3.04222e-07 
1083 2.92356e-07 
1084 3.12168e-07 
1085 3.0158e-07 
1086 2.94153e-07 
1087 2.96422e-07 
1088 2.9869e-07 
1089 2.95807e-07 
1090 2.83408e-07 
1091 2.93992e-07 
1092 3.12259e-07 
1093 2.9664e-07 
1094 3.03486e-07 
1095 2.9882e-07 
1096 2.88207e-07 
1097 3.05603e-07 
1098 2.96818e-07 
1099 3.02001e-07 
1100 2.86969e-07 
1101 3.06852e-07 
1102 2.92422e-07 
1103 2.88878e-07 
1104 2.82005e-07 
1105 2.80319e-07 
1106 2.90756e-07 
1107 2.85375e-07 
1108 2.97125e-07 
1109 3.09672e-07 
1110 3.07976e-07 
1111 2.70101e-07 
1112 2.85066e-07 
1113 2.77302e-07 
1114 3.04713e-07 
1115 2.91905e-07 
1116 2.8654e-07 
1117 2.84117e-07 
1118 2.82741e-07 
1119 2.82685e-07 
1120 2.93944e-07 
1121 2.84764e-07 
1122 2.83594e-07 
1123 2.80959e-07 
1124 2.96055e-07 
1125 3.04832e-07 
1126 2.87287e-07 
1127 2.893e-07 
1128 2.86526e-07 
1129 2.81396e-07 
1130 2.68191e-07 
1131 2.79572e-07 
1132 2.85843e-07 
1133 2.96119e-07 
1134 2.79567e-07 
1135 2.91646e-07 
1136 2.73345e-07 
1137 2.84475e-07 
1138 2.84195e-07 
1139 2.93484e-07 
1140 2.95825e-07 
1141 2.7627e-07 
1142 2.94334e-07 
1143 2.86549e-07 
1144 3.00555e-07 
1145 2.83405e-07 
1146 2.85383e-07 
1147 2.61364e-07 
1148 2.80365e-07 
1149 2.79799e-07 
1150 2.89304e-07 
1151 2.77216e-07 
1152 2.71647e-07 
1153 2.8938e-07 
1154 2.80849e-07 
1155 2.72344e-07 
1156 2.86025e-07 
1157 2.92008e-07 
1158 2.75452e-07 
1159 2.73509e-07 
1160 2.72205e-07 
1161 2.62267e-07 
1162 2.70457e-07 
1163 2.80325e-07 
1164 2.78224e-07 
1165 2.74685e-07 
1166 2.70007e-07 
1167 2.83971e-07 
1168 2.66761e-07 
1169 2.77485e-07 
1170 2.80687e-07 
1171 2.94415e-07 
1172 2.7998e-07 
1173 2.75996e-07 
1174 2.7236e-07 
1175 2.72931e-07 
1176 2.73349e-07 
1177 2.62272e-07 
1178 2.75434e-07 
1179 2.69752e-07 
1180 2.67816e-07 
1181 2.82441e-07 
1182 2.64737e-07 
1183 2.87311e-07 
1184 2.78204e-07 
1185 2.77182e-07 
1186 2.81115e-07 
1187 2.75744e-07 
1188 2.84602e-07 
1189 2.49374e-07 
1190 2.8176e-07 
1191 2.7202e-07 
1192 2.79509e-07 
1193 2.65623e-07 
1194 2.67965e-07 
1195 2.88787e-07 
1196 2.68064e-07 
1197 2.7049e-07 
1198 2.49121e-07 
1199 2.71058e-07 
1200 2.66961e-07 
1201 2.57602e-07 
1202 2.60565e-07 
1203 2.68016e-07 
1204 2.64272e-07 
1205 2.68479e-07 
1206 2.63223e-07 
1207 2.56293e-07 
1208 2.47621e-07 
1209 2.75021e-07 
1210 2.63408e-07 
1211 2.59891e-07 
1212 2.716e-07 
1213 2.50712e-07 
1214 2.66545e-07 
1215 2.70068e-07 
1216 2.62007e-07 
1217 2.52379e-07 
1218 2.56172e-07 
1219 2.69246e-07 
1220 2.55746e-07 
1221 2.59161e-07 
1222 2.66149e-07 
1223 2.67698e-07 
1224 2.57558e-07 
1225 2.54224e-07 
1226 2.65875e-07 
1227 2.60796e-07 
1228 2.66532e-07 
1229 2.662e-07 
1230 2.53752e-07 
1231 2.6068e-07 
1232 2.53955e-07 
1233 2.56057e-07 
1234 2.68393e-07 
1235 2.55898e-07 
1236 2.57065e-07 
1237 2.59685e-07 
1238 2.71321e-07 
1239 2.7272e-07 
1240 2.53648e-07 
1241 2.57859e-07 
1242 2.6024e-07 
1243 2.47642e-07 
1244 2.62649e-07 
1245 2.59002e-07 
1246 2.50338e-07 
1247 2.52515e-07 
1248 2.65229e-07 
1249 2.53049e-07 
1250 2.53946e-07 
1251 2.48158e-07 
1252 2.6164e-07 
1253 2.5335e-07 
1254 2.55496e-07 
1255 2.49468e-07 
1256 2.52067e-07 
1257 2.52468e-07 
1258 2.58243e-07 
1259 2.4725e-07 
1260 2.50304e-07 
1261 2.5023e-07 
1262 2.48745e-07 
1263 2.52124e-07 
1264 2.3609e-07 
1265 2.42336e-07 
1266 2.43658e-07 
1267 2.49218e-07 
1268 2.60061e-07 
1269 2.36287e-07 
1270 2.43414e-07 
1271 2.53807e-07 
1272 2.3747e-07 
1273 2.55471e-07 
1274 2.45348e-07 
1275 2.3435e-07 
1276 2.49318e-07 
1277 2.5457e-07 
1278 2.51136e-07 
1279 2.43183e-07 
1280 2.50471e-07 
1281 2.60021e-07 
1282 2.4377e-07 
1283 2.61168e-07 
1284 2.44303e-07 
1285 2.62549e-07 
1286 2.45082e-07 
1287 2.45575e-07 
1288 2.59394e-07 
1289 2.36848e-07 
1290 2.4603e-07 
1291 2.43093e-07 
1292 2.33005e-07 
1293 2.47414e-07 
1294 2.3363e-07 
1295 2.40648e-07 
1296 2.54555e-07 
1297 2.42938e-07 
1298 2.41188e-07 
1299 2.44388e-07 
1300 2.45275e-07 
1301 2.57333e-07 
1302 2.41534e-07 
1303 2.57993e-07 
1304 2.47463e-07 
1305 2.4223e-07 
1306 2.35031e-07 
1307 2.49412e-07 
1308 2.52738e-07 
1309 2.36896e-07 
1310 2.42678e-07 
1311 2.35616e-07 
1312 2.27595e-07 
1313 2.41026e-07 
1314 2.37443e-07 
1315 2.36313e-07 
1316 2.32693e-07 
1317 2.4568e-07 
1318 2.36146e-07 
1319 2.37833e-07 
1320 2.31136e-07 
1321 2.46347e-07 
1322 2.32294e-07 
1323 2.3885e-07 
1324 2.33359e-07 
1325 2.48045e-07 
1326 2.42595e-07 
1327 2.39091e-07 
1328 2.25279e-07 
1329 2.46058e-07 
1330 2.33513e-07 
1331 2.31953e-07 
1332 2.41488e-07 
1333 2.38801e-07 
1334 2.40676e-07 
1335 2.36784e-07 
1336 2.3598e-07 
1337 2.40365e-07 
1338 2.24249e-07 
1339 2.38792e-07 
1340 2.40079e-07 
1341 2.31892e-07 
1342 2.22116e-07 
1343 2.3433e-07 
1344 2.1388e-07 
1345 2.3895e-07 
1346 2.41218e-07 
1347 2.32606e-07 
1348 2.33482e-07 
1349 2.29008e-07 
1350 2.40448e-07 
1351 2.23863e-07 
1352 2.23289e-07 
1353 2.37169e-07 
1354 2.31081e-07 
1355 2.35517e-07 
1356 2.38457e-07 
1357 2.35698e-07 
1358 2.24743e-07 
1359 2.39684e-07 
1360 2.26561e-07 
1361 2.29134e-07 
1362 2.32767e-07 
1363 2.38767e-07 
1364 2.18364e-07 
1365 2.2889e-07 
1366 2.21989e-07 
1367 2.28453e-07 
1368 2.26306e-07 
1369 2.38584e-07 
1370 2.22747e-07 
1371 2.23401e-07 
1372 2.19076e-07 
1373 2.36992e-07 
1374 2.15891e-07 
1375 2.24796e-07 
1376 2.31163e-07 
1377 2.25433e-07 
1378 2.28635e-07 
1379 2.31413e-07 
1380 2.38365e-07 
1381 2.35677e-07 
1382 2.14867e-07 
1383 2.21427e-07 
1384 2.19922e-07 
1385 2.17075e-07 
1386 2.26845e-07 
1387 2.23321e-07 
1388 2.31268e-07 
1389 2.35351e-07 
1390 2.30574e-07 
1391 2.22534e-07 
1392 2.3123e-07 
1393 2.18785e-07 
1394 2.13974e-07 
1395 2.22334e-07 
1396 2.25387e-07 
1397 2.19644e-07 
1398 2.22853e-07 
1399 2.22547e-07 
1400 2.149e-07 
1401 2.0999e-07 
1402 2.23639e-07 
1403 2.086e-07 
1404 2.18813e-07 
1405 2.23594e-07 
1406 2.15831e-07 
1407 2.26645e-07 
1408 2.22362e-07 
1409 2.2231e-07 
1410 2.1544e-07 
1411 2.21844e-07 
1412 2.21077e-07 
1413 2.14743e-07 
1414 2.22942e-07 
1415 2.10862e-07 
1416 2.25867e-07 
1417 2.12634e-07 
1418 2.15884e-07 
1419 2.25026e-07 
1420 2.16181e-07 
1421 2.20456e-07 
1422 2.15821e-07 
1423 2.18904e-07 
1424 2.24883e-07 
1425 2.15433e-07 
1426 2.16189e-07 
1427 2.13283e-07 
1428 2.14279e-07 
1429 2.09725e-07 
1430 2.18278e-07 
1431 2.08172e-07 
1432 2.20159e-07 
1433 2.24987e-07 
1434 2.10785e-07 
1435 2.15944e-07 
1436 2.11255e-07 
1437 2.11877e-07 
1438 2.15687e-07 
1439 2.13924e-07 
1440 2.18215e-07 
1441 2.13625e-07 
1442 2.15001e-07 
1443 2.08388e-07 
1444 2.1847e-07 
1445 2.08443e-07 
1446 2.10816e-07 
1447 2.09592e-07 
1448 2.07681e-07 
1449 2.1645e-07 
1450 2.20384e-07 
1451 2.05162e-07 
1452 2.15527e-07 
1453 2.12064e-07 
1454 2.07322e-07 
1455 2.15412e-07 
1456 2.07381e-07 
1457 2.06848e-07 
1458 2.08814e-07 
1459 2.10038e-07 
1460 2.1362e-07 
1461 2.08367e-07 
1462 1.9938e-07 
1463 2.11417e-07 
1464 2.08603e-07 
1465 2.03245e-07 
1466 1.9946e-07 
1467 2.09521e-07 
1468 2.14057e-07 
1469 2.06536e-07 
1470 2.09691e-07 
1471 2.10477e-07 
1472 2.06289e-07 
1473 2.02639e-07 
1474 2.19651e-07 
1475 2.04314e-07 
1476 2.03652e-07 
1477 2.09992e-07 
1478 2.04853e-07 
1479 1.99413e-07 
1480 2.07394e-07 
1481 2.01572e-07 
1482 2.06492e-07 
1483 2.1459e-07 
1484 2.00931e-07 
1485 2.06375e-07 
1486 1.96616e-07 
1487 2.04552e-07 
1488 2.13005e-07 
1489 1.95516e-07 
1490 2.06713e-07 
1491 2.05971e-07 
1492 1.96816e-07 
1493 2.03741e-07 
1494 2.06082e-07 
1495 2.05738e-07 
1496 2.13261e-07 
1497 1.98665e-07 
1498 1.94412e-07 
1499 2.08134e-07 
1500 2.0656e-07 
1501 2.08288e-07 
1502 2.03445e-07 
1503 2.03768e-07 
1504 2.00461e-07 
1505 1.90247e-07 
1506 1.98869e-07 
1507 2.03783e-07 
1508 1.99981e-07 
1509 2.04507e-07 
1510 1.94932e-07 
1511 1.97004e-07 
1512 1.95679e-07 
1513 1.9638e-07 
1514 1.97429e-07 
1515 2.02918e-07 
1516 1.9627e-07 
1517 2.0497e-07 
1518 2.0129e-07 
1519 1.94994e-07 
1520 1.93698e-07 
1521 1.97343e-07 
1522 1.97964e-07 
1523 2.01856e-07 
1524 1.98104e-07 
1525 1.94774e-07 
1526 1.86194e-07 
1527 1.93683e-07 
1528 1.86137e-07 
1529 1.9146e-07 
1530 1.88127e-07 
1531 1.9871e-07 
1532 2.0086e-07 
1533 1.90303e-07 
1534 2.03696e-07 
1535 1.91168e-07 
1536 1.94623e-07 
1537 1.9529e-07 
1538 1.98295e-07 
1539 1.98719e-07 
1540 1.89201e-07 
1541 1.93163e-07 
1542 1.93943e-07 
1543 1.93971e-07 
1544 1.92378e-07 
1545 1.94806e-07 
1546 1.97519e-07 
1547 1.93634e-07 
1548 1.98662e-07 
1549 1.90325e-07 
1550 2.05302e-07 
1551 1.96569e-07 
1552 1.98139e-07 
1553 1.83142e-07 
1554 1.96912e-07 
1555 2.02249e-07 
1556 1.93151e-07 
1557 1.89331e-07 
1558 1.93961e-07 
1559 1.92717e-07 
1560 1.97394e-07 
1561 1.8981e-07 
1562 1.86156e-07 
1563 2.01706e-07 
1564 1.93796e-07 
1565 1.96143e-07 
1566 1.89652e-07 
1567 1.94722e-07 
1568 1.90157e-07 
1569 1.91697e-07 
1570 1.89276e-07 
1571 1.93653e-07 
1572 1.96077e-07 
1573 1.89708e-07 
1574 1.91648e-07 
1575 1.93718e-07 
1576 1.96505e-07 
1577 1.94642e-07 
1578 1.85238e-07 
1579 1.80526e-07 
1580 1.84379e-07 
1581 1.85277e-07 
1582 1.91666e-07 
1583 1.81243e-07 
1584 1.88872e-07 
1585 1.90611e-07 
1586 1.88542e-07 
1587 1.8319e-07 
1588 1.97509e-07 
1589 1.91365e-07 
1590 1.95081e-07 
1591 1.80329e-07 
1592 1.86387e-07 
1593 1.92407e-07 
1594 1.84248e-07 
1595 1.95386e-07 
1596 1.85146e-07 
1597 1.9069e-07 
1598 1.8948e-07 
1599 1.80651e-07 
1600 1.83499e-07 
1601 1.81244e-07 
1602 1.8782e-07 
1603 1.86635e-07 
1604 1.7266e-07 
1605 1.90692e-07 
1606 1.91841e-07 
1607 1.84725e-07 
1608 1.88518e-07 
1609 1.77643e-07 
1610 1.88039e-07 
1611 1.7345e-07 
1612 1.85925e-07 
1613 1.84362e-07 
1614 1.80311e-07 
1615 1.89378e-07 
1616 1.83336e-07 
1617 1.80466e-07 
1618 1.81599e-07 
1619 1.83723e-07 
1620 1.83919e-07 
1621 1.8408e-07 
1622 1.78368e-07 
1623 1.81333e-07 
1624 1.83451e-07 
1625 1.86369e-07 
1626 1.84508e-07 
1627 1.82997e-07 
1628 1.78977e-07 
1629 1.8377e-07 
1630 1.75815e-07 
1631 1.78672e-07 
1632 1.79564e-07 
1633 1.76084e-07 
1634 1.88793e-07 
1635 1.87261e-07 
1636 1.80541e-07 
1637 1.83329e-07 
1638 1.87667e-07 
1639 1.83337e-07 
1640 1.79283e-07 
1641 1.83382e-07 
1642 1.83547e-07 
1643 1.75753e-07 
1644 1.75707e-07 
1645 1.72054e-07 
1646 1.77194e-07 
1647 1.7678e-07 
1648 1.78326e-07 
1649 1.91345e-07 
1650 1.79925e-07 
1651 1.80692e-07 
1652 1.77087e-07 
1653 1.77749e-07 
1654 1.71652e-07 
1655 1.83137e-07 
1656 1.77389e-07 
1657 1.7874e-07 
1658 1.77413e-07 
1659 1.76708e-07 
1660 1.75253e-07 
1661 1.87041e-07 
1662 1.79948e-07 
1663 1.75078e-07 
1664 1.89673e-07 
1665 1.73963e-07 
1666 1.71578e-07 
1667 1.77934e-07 
1668 1.74394e-07 
1669 1.80066e-07 
1670 1.77205e-07 
1671 1.75682e-07 
1672 1.77522e-07 
1673 1.73397e-07 
1674 1.74781e-07 
1675 1.69534e-07 
1676 1.77469e-07 
1677 1.78298e-07 
1678 1.76106e-07 
1679 1.82888e-07 
1680 1.72197e-07 
1681 1.77892e-07 
1682 1.77352e-07 
1683 1.73304e-07 
1684 1.75751e-07 
1685 1.69683e-07 
1686 1.7308e-07 
1687 1.68824e-07 
1688 1.66226e-07 
1689 1.67232e-07 
1690 1.80095e-07 
1691 1.67411e-07 
1692 1.77559e-07 
1693 1.64741e-07 
1694 1.64305e-07 
1695 1.75926e-07 
1696 1.70071e-07 
1697 1.77643e-07 
1698 1.70697e-07 
1699 1.72972e-07 
1700 1.77604e-07 
1701 1.71688e-07 
1702 1.7554e-07 
1703 1.67737e-07 
1704 1.70789e-07 
1705 1.81984e-07 
1706 1.66619e-07 
1707 1.78791e-07 
1708 1.62424e-07 
1709 1.64712e-07 
1710 1.66568e-07 
1711 1.71563e-07 
1712 1.70047e-07 
1713 1.73891e-07 
1714 1.69461e-07 
1715 1.65963e-07 
1716 1.75359e-07 
1717 1.74344e-07 
1718 1.79234e-07 
1719 1.72519e-07 
1720 1.72051e-07 
1721 1.67923e-07 
1722 1.71159e-07 
1723 1.62457e-07 
1724 1.65785e-07 
1725 1.70154e-07 
1726 1.70039e-07 
1727 1.71602e-07 
1728 1.74412e-07 
1729 1.73169e-07 
1730 1.73585e-07 
1731 1.6304e-07 
1732 1.64609e-07 
1733 1.68293e-07 
1734 1.7226e-07 
1735 1.66974e-07 
1736 1.63524e-07 
1737 1.56983e-07 
1738 1.65577e-07 
1739 1.66761e-07 
1740 1.68995e-07 
1741 1.68334e-07 
1742 1.63993e-07 
1743 1.64977e-07 
1744 1.62759e-07 
1745 1.67473e-07 
1746 1.7106e-07 
1747 1.71512e-07 
1748 1.64216e-07 
1749 1.67765e-07 
1750 1.59369e-07 
1751 1.61206e-07 
1752 1.56511e-07 
1753 1.62644e-07 
1754 1.61009e-07 
1755 1.55433e-07 
1756 1.62612e-07 
1757 1.56278e-07 
1758 1.60579e-07 
1759 1.65323e-07 
1760 1.6547e-07 
1761 1.56445e-07 
1762 1.65374e-07 
1763 1.63138e-07 
1764 1.5952e-07 
1765 1.6023e-07 
1766 1.67045e-07 
1767 1.60268e-07 
1768 1.58686e-07 
1769 1.61131e-07 
1770 1.60292e-07 
1771 1.67424e-07 
1772 1.58232e-07 
1773 1.61978e-07 
1774 1.61989e-07 
1775 1.58585e-07 
1776 1.58421e-07 
1777 1.58163e-07 
1778 1.59952e-07 
1779 1.64924e-07 
1780 1.63022e-07 
1781 1.59814e-07 
1782 1.6057e-07 
1783 1.61562e-07 
1784 1.64508e-07 
1785 1.61541e-07 
1786 1.57789e-07 
1787 1.67204e-07 
1788 1.57381e-07 
1789 1.60141e-07 
1790 1.54939e-07 
1791 1.53629e-07 
1792 1.58069e-07 
1793 1.5513e-07 
1794 1.60634e-07 
1795 1.62033e-07 
1796 1.62044e-07 
1797 1.54371e-07 
1798 1.5701e-07 
1799 1.55478e-07 
1800 1.50518e-07 
1801 1.55733e-07 
1802 1.53244e-07 
1803 1.59226e-07 
1804 1.55718e-07 
1805 1.55799e-07 
1806 1.58081e-07 
1807 1.57568e-07 
1808 1.57819e-07 
1809 1.63259e-07 
1810 1.55496e-07 
1811 1.52863e-07 
1812 1.52306e-07 
1813 1.60742e-07 
1814 1.5698e-07 
1815 1.6036e-07 
1816 1.48485e-07 
1817 1.54164e-07 
1818 1.55993e-07 
1819 1.53811e-07 
1820 1.54294e-07 
1821 1.56243e-07 
1822 1.54104e-07 
1823 1.53424e-07 
1824 1.61663e-07 
1825 1.52064e-07 
1826 1.51737e-07 
1827 1.53088e-07 
1828 1.52275e-07 
1829 1.54127e-07 
1830 1.53592e-07 
1831 1.55407e-07 
1832 1.55342e-07 
1833 1.49502e-07 
1834 1.61027e-07 
1835 1.53825e-07 
1836 1.54822e-07 
1837 1.61807e-07 
1838 1.57912e-07 
1839 1.52036e-07 
1840 1.53368e-07 
1841 1.51133e-07 
1842 1.50892e-07 
1843 1.52057e-07 
1844 1.49759e-07 
1845 1.51226e-07 
1846 1.53793e-07 
1847 1.43398e-07 
1848 1.51418e-07 
1849 1.55006e-07 
1850 1.56865e-07 
1851 1.52635e-07 
1852 1.51212e-07 
1853 1.50274e-07 
1854 1.53385e-07 
1855 1.53633e-07 
1856 1.48645e-07 
1857 1.5065e-07 
1858 1.47791e-07 
1859 1.52778e-07 
1860 1.53343e-07 
1861 1.45667e-07 
1862 1.46464e-07 
1863 1.44648e-07 
1864 1.53239e-07 
1865 1.47773e-07 
1866 1.45833e-07 
1867 1.4807e-07 
1868 1.43889e-07 
1869 1.47919e-07 
1870 1.48141e-07 
1871 1.49765e-07 
1872 1.46912e-07 
1873 1.50446e-07 
1874 1.46066e-07 
1875 1.51769e-07 
1876 1.45765e-07 
1877 1.51302e-07 
1878 1.47471e-07 
1879 1.49386e-07 
1880 1.48224e-07 
1881 1.5051e-07 
1882 1.50313e-07 
1883 1.42007e-07 
1884 1.47996e-07 
1885 1.49954e-07 
1886 1.3974e-07 
1887 1.46292e-07 
1888 1.49916e-07 
1889 1.4471e-07 
1890 1.46426e-07 
1891 1.42732e-07 
1892 1.47482e-07 
1893 1.43837e-07 
1894 1.46179e-07 
1895 1.4613e-07 
1896 1.47566e-07 
1897 1.50215e-07 
1898 1.47291e-07 
1899 1.47701e-07 
1900 1.48796e-07 
1901 1.48945e-07 
1902 1.45107e-07 
1903 1.42055e-07 
1904 1.44735e-07 
1905 1.46864e-07 
1906 1.41849e-07 
1907 1.46281e-07 
1908 1.48637e-07 
1909 1.45167e-07 
1910 1.4473e-07 
1911 1.47847e-07 
1912 1.45948e-07 
1913 1.50158e-07 
1914 1.44362e-07 
1915 1.38863e-07 
1916 1.48064e-07 
1917 1.38183e-07 
1918 1.40608e-07 
1919 1.43269e-07 
1920 1.45454e-07 
1921 1.48403e-07 
1922 1.42823e-07 
1923 1.38753e-07 
1924 1.41615e-07 
1925 1.39681e-07 
1926 1.40215e-07 
1927 1.44092e-07 
1928 1.40288e-07 
1929 1.414e-07 
1930 1.48081e-07 
1931 1.41534e-07 
1932 1.41594e-07 
1933 1.4327e-07 
1934 1.44772e-07 
1935 1.40478e-07 
1936 1.41687e-07 
1937 1.44628e-07 
1938 1.42315e-07 
1939 1.39028e-07 
1940 1.42581e-07 
1941 1.5059e-07 
1942 1.42534e-07 
1943 1.41635e-07 
1944 1.40016e-07 
1945 1.41205e-07 
1946 1.38756e-07 
1947 1.39307e-07 
1948 1.37368e-07 
1949 1.4051e-07 
1950 1.40574e-07 
1951 1.35147e-07 
1952 1.42485e-07 
1953 1.43711e-07 
1954 1.39466e-07 
1955 1.41211e-07 
1956 1.36904e-07 
1957 1.41936e-07 
1958 1.39225e-07 
1959 1.42841e-07 
1960 1.40788e-07 
1961 1.38879e-07 
1962 1.36933e-07 
1963 1.4768e-07 
1964 1.41433e-07 
1965 1.47222e-07 
1966 1.38697e-07 
1967 1.41236e-07 
1968 1.34334e-07 
1969 1.3577e-07 
1970 1.42245e-07 
1971 1.36236e-07 
1972 1.36183e-07 
1973 1.40075e-07 
1974 1.41219e-07 
1975 1.35778e-07 
1976 1.36959e-07 
1977 1.37558e-07 
1978 1.37199e-07 
1979 1.33976e-07 
1980 1.36867e-07 
1981 1.3513e-07 
1982 1.3393e-07 
1983 1.40837e-07 
1984 1.37084e-07 
1985 1.34934e-07 
1986 1.39008e-07 
1987 1.36219e-07 
1988 1.35813e-07 
1989 1.38472e-07 
1990 1.33025e-07 
1991 1.42912e-07 
1992 1.36202e-07 
1993 1.28087e-07 
1994 1.35262e-07 
1995 1.36578e-07 
1996 1.33296e-07 
1997 1.35973e-07 
1998 1.31647e-07 
1999 1.32698e-07 
2000 1.33716e-07 
