# l Cl-f1z1f1z1
1 3.79632e-05 
2 2.17094e-05 
3 2.35448e-05 
4 3.42842e-05 
5 5.03244e-05 
6 3.299e-05 
7 3.8038e-05 
8 4.61028e-05 
9 2.31903e-05 
10 6.17984e-05 
11 3.51119e-05 
12 2.29233e-05 
13 4.07573e-05 
14 3.38828e-05 
15 3.60228e-05 
16 2.12864e-05 
17 2.50361e-05 
18 2.71538e-05 
19 2.98937e-05 
20 3.37219e-05 
21 2.8341e-05 
22 1.73921e-05 
23 4.23281e-05 
24 2.15485e-05 
25 2.72772e-05 
26 2.53216e-05 
27 2.66369e-05 
28 2.30797e-05 
29 2.74182e-05 
30 2.12525e-05 
31 2.01289e-05 
32 2.3171e-05 
33 1.91053e-05 
34 1.5195e-05 
35 1.90075e-05 
36 1.83241e-05 
37 1.73383e-05 
38 1.65436e-05 
39 1.81529e-05 
40 1.32353e-05 
41 1.32463e-05 
42 1.2154e-05 
43 1.58873e-05 
44 1.47925e-05 
45 1.65226e-05 
46 1.53552e-05 
47 1.40261e-05 
48 1.73864e-05 
49 1.47454e-05 
50 1.32681e-05 
51 1.19721e-05 
52 1.35242e-05 
53 1.46315e-05 
54 1.63786e-05 
55 1.45026e-05 
56 1.13617e-05 
57 1.36019e-05 
58 1.1066e-05 
59 1.17239e-05 
60 1.03483e-05 
61 1.24174e-05 
62 1.24808e-05 
63 1.37157e-05 
64 1.14359e-05 
65 9.34658e-06 
66 1.0703e-05 
67 1.12903e-05 
68 1.14343e-05 
69 1.07988e-05 
70 1.09422e-05 
71 8.52726e-06 
72 8.54751e-06 
73 8.06898e-06 
74 9.35463e-06 
75 9.7994e-06 
76 8.75449e-06 
77 8.9228e-06 
78 1.22823e-05 
79 9.28253e-06 
80 9.01149e-06 
81 9.83786e-06 
82 8.14592e-06 
83 7.69466e-06 
84 8.23754e-06 
85 7.1917e-06 
86 7.40268e-06 
87 6.7859e-06 
88 6.79888e-06 
89 6.4907e-06 
90 6.60142e-06 
91 7.42678e-06 
92 6.91934e-06 
93 6.51577e-06 
94 5.70059e-06 
95 5.48621e-06 
96 6.23392e-06 
97 6.70367e-06 
98 6.0628e-06 
99 6.56884e-06 
100 5.83831e-06 
101 7.04759e-06 
102 6.81921e-06 
103 5.97322e-06 
104 6.04105e-06 
105 5.41589e-06 
106 5.0652e-06 
107 4.72009e-06 
108 5.90253e-06 
109 4.72361e-06 
110 5.62775e-06 
111 5.17939e-06 
112 4.96344e-06 
113 4.79119e-06 
114 5.41814e-06 
115 5.04916e-06 
116 4.91668e-06 
117 4.88221e-06 
118 5.19725e-06 
119 4.5266e-06 
120 5.01451e-06 
121 4.51065e-06 
122 4.41121e-06 
123 4.26325e-06 
124 4.84856e-06 
125 5.01773e-06 
126 4.47314e-06 
127 4.43252e-06 
128 4.3472e-06 
129 4.82041e-06 
130 4.46539e-06 
131 4.29835e-06 
132 3.53451e-06 
133 4.02364e-06 
134 4.2779e-06 
135 3.80358e-06 
136 3.85796e-06 
137 4.08902e-06 
138 3.44969e-06 
139 4.12358e-06 
140 3.85479e-06 
141 4.20081e-06 
142 4.54509e-06 
143 3.88468e-06 
144 4.03387e-06 
145 4.14242e-06 
146 3.18909e-06 
147 3.97528e-06 
148 3.29936e-06 
149 3.6237e-06 
150 3.21667e-06 
151 3.26548e-06 
152 2.85734e-06 
153 3.83052e-06 
154 3.64718e-06 
155 3.78834e-06 
156 3.61884e-06 
157 3.57768e-06 
158 3.3815e-06 
159 3.11779e-06 
160 3.18861e-06 
161 3.32551e-06 
162 3.16925e-06 
163 3.02241e-06 
164 3.14256e-06 
165 2.76983e-06 
166 3.34579e-06 
167 2.87159e-06 
168 2.87623e-06 
169 2.79636e-06 
170 2.6187e-06 
171 3.03798e-06 
172 2.68501e-06 
173 2.63755e-06 
174 2.95334e-06 
175 2.55141e-06 
176 2.51429e-06 
177 2.92803e-06 
178 2.82977e-06 
179 2.78718e-06 
180 2.20844e-06 
181 2.48231e-06 
182 2.87775e-06 
183 2.72404e-06 
184 2.67584e-06 
185 2.33806e-06 
186 2.43424e-06 
187 2.55206e-06 
188 2.74131e-06 
189 2.48719e-06 
190 2.43986e-06 
191 2.5887e-06 
192 2.35315e-06 
193 2.63819e-06 
194 2.34946e-06 
195 2.59462e-06 
196 2.33448e-06 
197 2.33414e-06 
198 2.25454e-06 
199 2.52615e-06 
200 2.30715e-06 
201 2.13128e-06 
202 2.41622e-06 
203 2.30636e-06 
204 2.16334e-06 
205 2.40613e-06 
206 2.04494e-06 
207 2.29405e-06 
208 2.03844e-06 
209 2.11249e-06 
210 2.22133e-06 
211 2.15771e-06 
212 2.14273e-06 
213 1.97899e-06 
214 1.93675e-06 
215 2.28764e-06 
216 2.06986e-06 
217 1.96568e-06 
218 1.98015e-06 
219 2.07246e-06 
220 1.98178e-06 
221 1.94562e-06 
222 2.06586e-06 
223 2.10423e-06 
224 1.96219e-06 
225 2.04909e-06 
226 1.86084e-06 
227 1.90411e-06 
228 2.18046e-06 
229 2.11131e-06 
230 1.70748e-06 
231 1.46101e-06 
232 1.91985e-06 
233 1.96151e-06 
234 2.0298e-06 
235 1.78551e-06 
236 1.78944e-06 
237 1.81467e-06 
238 1.88767e-06 
239 1.69431e-06 
240 1.73595e-06 
241 1.74449e-06 
242 1.60964e-06 
243 1.85221e-06 
244 1.82241e-06 
245 1.59001e-06 
246 1.62651e-06 
247 1.63669e-06 
248 1.72247e-06 
249 1.77503e-06 
250 1.74658e-06 
251 1.60133e-06 
252 1.5953e-06 
253 1.8783e-06 
254 1.70155e-06 
255 1.74133e-06 
256 1.45935e-06 
257 1.48642e-06 
258 1.51842e-06 
259 1.73706e-06 
260 1.46071e-06 
261 1.59911e-06 
262 1.61013e-06 
263 1.54045e-06 
264 1.55682e-06 
265 1.61571e-06 
266 1.57004e-06 
267 1.43401e-06 
268 1.48236e-06 
269 1.56995e-06 
270 1.49014e-06 
271 1.46304e-06 
272 1.56848e-06 
273 1.5328e-06 
274 1.4779e-06 
275 1.49552e-06 
276 1.34664e-06 
277 1.49809e-06 
278 1.42085e-06 
279 1.40125e-06 
280 1.29143e-06 
281 1.44759e-06 
282 1.42422e-06 
283 1.31399e-06 
284 1.4949e-06 
285 1.37087e-06 
286 1.67755e-06 
287 1.36245e-06 
288 1.50439e-06 
289 1.40208e-06 
290 1.43677e-06 
291 1.35933e-06 
292 1.28979e-06 
293 1.20536e-06 
294 1.29494e-06 
295 1.31141e-06 
296 1.24907e-06 
297 1.27098e-06 
298 1.31291e-06 
299 1.42082e-06 
300 1.4655e-06 
301 1.27578e-06 
302 1.35111e-06 
303 1.35116e-06 
304 1.29332e-06 
305 1.36121e-06 
306 1.33332e-06 
307 1.35885e-06 
308 1.33763e-06 
309 1.25619e-06 
310 1.15734e-06 
311 1.18108e-06 
312 1.22901e-06 
313 1.17197e-06 
314 1.30148e-06 
315 1.15861e-06 
316 1.34002e-06 
317 1.31014e-06 
318 1.19841e-06 
319 1.12434e-06 
320 1.18745e-06 
321 1.14421e-06 
322 1.28943e-06 
323 1.16394e-06 
324 1.17317e-06 
325 1.33997e-06 
326 1.11988e-06 
327 1.14648e-06 
328 1.22804e-06 
329 1.16806e-06 
330 1.07384e-06 
331 1.11637e-06 
332 1.20618e-06 
333 1.14914e-06 
334 1.11559e-06 
335 1.18306e-06 
336 1.0847e-06 
337 1.07944e-06 
338 1.12084e-06 
339 1.04406e-06 
340 1.22318e-06 
341 1.19725e-06 
342 1.1413e-06 
343 1.04155e-06 
344 1.15207e-06 
345 1.11818e-06 
346 1.10088e-06 
347 1.00614e-06 
348 1.0761e-06 
349 1.0372e-06 
350 1.03397e-06 
351 1.07126e-06 
352 9.77069e-07 
353 1.02291e-06 
354 1.05687e-06 
355 1.01934e-06 
356 9.71372e-07 
357 1.02277e-06 
358 1.06816e-06 
359 1.10131e-06 
360 1.01052e-06 
361 1.05768e-06 
362 1.03641e-06 
363 9.71141e-07 
364 9.32198e-07 
365 1.00628e-06 
366 1.0785e-06 
367 9.74931e-07 
368 1.01303e-06 
369 1.0563e-06 
370 1.02808e-06 
371 1.01011e-06 
372 9.97051e-07 
373 1.04483e-06 
374 9.97739e-07 
375 1.01028e-06 
376 1.14663e-06 
377 9.56436e-07 
378 1.02196e-06 
379 9.93647e-07 
380 1.02033e-06 
381 9.82832e-07 
382 1.01483e-06 
383 1.04369e-06 
384 9.56549e-07 
385 9.6437e-07 
386 9.21876e-07 
387 1.00048e-06 
388 9.51274e-07 
389 9.14498e-07 
390 8.92981e-07 
391 9.45267e-07 
392 9.53346e-07 
393 8.81699e-07 
394 1.03565e-06 
395 9.67995e-07 
396 9.42782e-07 
397 9.42381e-07 
398 9.10677e-07 
399 8.93169e-07 
400 9.40563e-07 
401 8.90948e-07 
402 9.51244e-07 
403 9.41711e-07 
404 8.71221e-07 
405 8.7343e-07 
406 8.7334e-07 
407 8.97604e-07 
408 8.76921e-07 
409 8.5093e-07 
410 9.3557e-07 
411 8.76292e-07 
412 9.01476e-07 
413 9.00389e-07 
414 9.37122e-07 
415 8.67299e-07 
416 9.22635e-07 
417 9.24785e-07 
418 9.42286e-07 
419 8.51278e-07 
420 8.09785e-07 
421 8.80047e-07 
422 8.86998e-07 
423 8.58377e-07 
424 8.35374e-07 
425 8.65562e-07 
426 9.12826e-07 
427 8.36948e-07 
428 8.08304e-07 
429 7.83707e-07 
430 8.38177e-07 
431 8.1172e-07 
432 8.41725e-07 
433 8.44752e-07 
434 8.0857e-07 
435 8.24198e-07 
436 7.87868e-07 
437 7.60052e-07 
438 7.70472e-07 
439 7.57365e-07 
440 8.12557e-07 
441 8.77079e-07 
442 8.61385e-07 
443 8.05235e-07 
444 8.04459e-07 
445 7.56706e-07 
446 7.76775e-07 
447 8.35784e-07 
448 8.41263e-07 
449 7.92598e-07 
450 7.68246e-07 
451 7.83606e-07 
452 7.48004e-07 
453 8.15039e-07 
454 7.80952e-07 
455 7.21799e-07 
456 7.63726e-07 
457 7.94783e-07 
458 7.79733e-07 
459 7.94966e-07 
460 7.60059e-07 
461 7.6728e-07 
462 7.40303e-07 
463 7.50418e-07 
464 7.96788e-07 
465 7.71471e-07 
466 7.93117e-07 
467 7.65955e-07 
468 7.65349e-07 
469 7.63358e-07 
470 7.10152e-07 
471 8.13784e-07 
472 8.24651e-07 
473 7.33852e-07 
474 7.6051e-07 
475 7.87102e-07 
476 7.21026e-07 
477 8.18581e-07 
478 7.65752e-07 
479 7.27103e-07 
480 7.03713e-07 
481 7.63355e-07 
482 7.41385e-07 
483 8.00311e-07 
484 7.78964e-07 
485 7.45696e-07 
486 6.85524e-07 
487 7.63393e-07 
488 7.44705e-07 
489 7.39969e-07 
490 7.56774e-07 
491 7.61644e-07 
492 6.93121e-07 
493 7.45665e-07 
494 7.14684e-07 
495 6.60962e-07 
496 7.2525e-07 
497 7.08868e-07 
498 7.15954e-07 
499 6.68827e-07 
500 6.87452e-07 
501 6.77125e-07 
502 6.71076e-07 
503 7.39919e-07 
504 6.71006e-07 
505 6.83198e-07 
506 6.52864e-07 
507 6.65496e-07 
508 6.74455e-07 
509 7.14306e-07 
510 7.39444e-07 
511 7.26511e-07 
512 7.14305e-07 
513 7.02523e-07 
514 7.20534e-07 
515 6.48342e-07 
516 6.75842e-07 
517 6.92597e-07 
518 6.79728e-07 
519 6.63826e-07 
520 6.73004e-07 
521 6.99084e-07 
522 6.2935e-07 
523 6.62689e-07 
524 6.22412e-07 
525 6.68756e-07 
526 6.69364e-07 
527 6.44822e-07 
528 6.3189e-07 
529 7.18303e-07 
530 6.79806e-07 
531 5.94439e-07 
532 6.5457e-07 
533 6.46787e-07 
534 6.69611e-07 
535 6.88811e-07 
536 6.59108e-07 
537 5.93632e-07 
538 6.61739e-07 
539 6.5397e-07 
540 6.04508e-07 
541 6.64257e-07 
542 6.54607e-07 
543 6.31708e-07 
544 6.78707e-07 
545 6.68252e-07 
546 6.66141e-07 
547 6.66315e-07 
548 6.02887e-07 
549 5.99761e-07 
550 6.13599e-07 
551 6.36555e-07 
552 6.453e-07 
553 6.36908e-07 
554 6.5352e-07 
555 6.51983e-07 
556 6.57384e-07 
557 6.5125e-07 
558 5.95331e-07 
559 5.858e-07 
560 6.42495e-07 
561 6.05746e-07 
562 6.33174e-07 
563 6.02242e-07 
564 6.15549e-07 
565 6.32274e-07 
566 6.66407e-07 
567 6.09558e-07 
568 6.19487e-07 
569 5.63838e-07 
570 5.80352e-07 
571 6.33676e-07 
572 5.56066e-07 
573 5.99945e-07 
574 5.75408e-07 
575 6.30411e-07 
576 5.98208e-07 
577 6.35722e-07 
578 6.03741e-07 
579 6.30059e-07 
580 6.05658e-07 
581 5.88871e-07 
582 6.10176e-07 
583 5.65001e-07 
584 5.55417e-07 
585 6.04816e-07 
586 5.76797e-07 
587 6.30614e-07 
588 6.06529e-07 
589 5.93356e-07 
590 5.8053e-07 
591 5.93435e-07 
592 5.45595e-07 
593 6.15275e-07 
594 5.51726e-07 
595 5.66834e-07 
596 5.69285e-07 
597 5.74043e-07 
598 5.66961e-07 
599 5.37776e-07 
600 5.86503e-07 
601 5.51793e-07 
602 5.67543e-07 
603 6.10525e-07 
604 5.39087e-07 
605 5.65313e-07 
606 5.61718e-07 
607 5.55607e-07 
608 6.05589e-07 
609 5.82074e-07 
610 5.87932e-07 
611 5.5831e-07 
612 4.87786e-07 
613 5.45713e-07 
614 5.73842e-07 
615 5.83985e-07 
616 5.6168e-07 
617 5.70687e-07 
618 5.58084e-07 
619 5.32026e-07 
620 5.40021e-07 
621 5.52879e-07 
622 5.63836e-07 
623 5.58372e-07 
624 5.71459e-07 
625 5.70708e-07 
626 5.69638e-07 
627 5.44952e-07 
628 5.7241e-07 
629 5.396e-07 
630 4.99975e-07 
631 5.18702e-07 
632 5.19533e-07 
633 5.1516e-07 
634 5.31792e-07 
635 5.48191e-07 
636 5.45584e-07 
637 5.39712e-07 
638 5.25027e-07 
639 5.40012e-07 
640 5.87874e-07 
641 5.06144e-07 
642 4.88131e-07 
643 5.40793e-07 
644 5.43537e-07 
645 5.20443e-07 
646 5.25884e-07 
647 5.38419e-07 
648 5.44708e-07 
649 4.94265e-07 
650 5.01939e-07 
651 5.35303e-07 
652 5.11833e-07 
653 5.29649e-07 
654 5.05129e-07 
655 5.51589e-07 
656 5.00542e-07 
657 5.00212e-07 
658 5.23651e-07 
659 5.27509e-07 
660 4.68978e-07 
661 5.21892e-07 
662 5.17717e-07 
663 5.35464e-07 
664 5.35739e-07 
665 4.77736e-07 
666 5.33145e-07 
667 5.02363e-07 
668 5.2533e-07 
669 5.17541e-07 
670 5.03009e-07 
671 5.1612e-07 
672 5.41184e-07 
673 5.17647e-07 
674 5.08863e-07 
675 4.96628e-07 
676 5.33553e-07 
677 4.99254e-07 
678 5.53126e-07 
679 4.95466e-07 
680 4.9591e-07 
681 5.03648e-07 
682 5.06395e-07 
683 5.003e-07 
684 4.85524e-07 
685 5.11125e-07 
686 5.18474e-07 
687 4.87216e-07 
688 4.69552e-07 
689 4.68879e-07 
690 4.73461e-07 
691 4.85383e-07 
692 5.31532e-07 
693 5.01174e-07 
694 4.61875e-07 
695 5.03363e-07 
696 4.96864e-07 
697 4.85028e-07 
698 5.05627e-07 
699 5.05848e-07 
700 4.77444e-07 
701 4.63073e-07 
702 4.92384e-07 
703 4.60705e-07 
704 4.96439e-07 
705 4.76229e-07 
706 4.67985e-07 
707 4.71593e-07 
708 4.75225e-07 
709 4.68828e-07 
710 4.62927e-07 
711 4.98937e-07 
712 4.56507e-07 
713 4.68478e-07 
714 4.53075e-07 
715 5.06398e-07 
716 4.97124e-07 
717 4.88378e-07 
718 4.77088e-07 
719 5.0314e-07 
720 4.59909e-07 
721 4.55551e-07 
722 4.94722e-07 
723 4.65154e-07 
724 4.7108e-07 
725 4.65982e-07 
726 4.60021e-07 
727 4.53499e-07 
728 4.85297e-07 
729 4.8787e-07 
730 4.82026e-07 
731 4.6867e-07 
732 4.66315e-07 
733 4.64546e-07 
734 4.68573e-07 
735 4.8378e-07 
736 4.68795e-07 
737 4.63277e-07 
738 4.89138e-07 
739 4.9248e-07 
740 4.41686e-07 
741 4.56952e-07 
742 4.57331e-07 
743 4.57142e-07 
744 4.31475e-07 
745 4.33111e-07 
746 4.80797e-07 
747 4.45409e-07 
748 4.44585e-07 
749 4.61526e-07 
750 4.38638e-07 
751 4.64857e-07 
752 4.45989e-07 
753 4.29276e-07 
754 4.48444e-07 
755 4.57931e-07 
756 4.31145e-07 
757 4.72344e-07 
758 4.44351e-07 
759 4.71604e-07 
760 4.15849e-07 
761 4.40898e-07 
762 4.27423e-07 
763 4.34818e-07 
764 4.44536e-07 
765 4.6427e-07 
766 4.26423e-07 
767 4.53406e-07 
768 4.41203e-07 
769 3.93392e-07 
770 4.296e-07 
771 4.58468e-07 
772 4.50433e-07 
773 4.37625e-07 
774 4.41005e-07 
775 4.65789e-07 
776 4.25106e-07 
777 4.44853e-07 
778 4.3642e-07 
779 4.30095e-07 
780 4.15198e-07 
781 4.04599e-07 
782 4.50453e-07 
783 4.39853e-07 
784 4.32071e-07 
785 4.20821e-07 
786 4.34834e-07 
787 4.70353e-07 
788 4.37049e-07 
789 4.03281e-07 
790 4.3289e-07 
791 4.21776e-07 
792 4.34027e-07 
793 4.0765e-07 
794 4.20696e-07 
795 4.3754e-07 
796 4.40799e-07 
797 4.19323e-07 
798 4.02133e-07 
799 4.43747e-07 
800 4.14454e-07 
801 4.13453e-07 
802 4.08762e-07 
803 4.11011e-07 
804 4.22352e-07 
805 4.0305e-07 
806 4.16197e-07 
807 4.11233e-07 
808 4.16874e-07 
809 4.09046e-07 
810 4.17721e-07 
811 4.20569e-07 
812 4.23507e-07 
813 4.39995e-07 
814 3.8642e-07 
815 4.41638e-07 
816 4.4035e-07 
817 4.212e-07 
818 3.95213e-07 
819 4.22321e-07 
820 3.96844e-07 
821 3.88151e-07 
822 4.169e-07 
823 3.9655e-07 
824 4.17214e-07 
825 4.1998e-07 
826 3.96145e-07 
827 4.10668e-07 
828 4.11288e-07 
829 3.9347e-07 
830 3.88259e-07 
831 3.99505e-07 
832 3.95864e-07 
833 4.13252e-07 
834 4.0351e-07 
835 3.97044e-07 
836 3.85208e-07 
837 3.94794e-07 
838 4.23485e-07 
839 4.19315e-07 
840 3.89264e-07 
841 3.7819e-07 
842 3.92127e-07 
843 4.03396e-07 
844 4.16563e-07 
845 3.94014e-07 
846 4.04489e-07 
847 3.92285e-07 
848 3.7951e-07 
849 3.85621e-07 
850 3.89041e-07 
851 3.86303e-07 
852 4.00845e-07 
853 4.05145e-07 
854 4.11221e-07 
855 3.82333e-07 
856 3.93463e-07 
857 3.93285e-07 
858 3.92562e-07 
859 3.78968e-07 
860 3.80183e-07 
861 3.8858e-07 
862 3.89482e-07 
863 3.76974e-07 
864 3.95338e-07 
865 3.97939e-07 
866 3.77466e-07 
867 4.13168e-07 
868 3.77248e-07 
869 4.06076e-07 
870 3.76804e-07 
871 3.73875e-07 
872 3.59003e-07 
873 3.71967e-07 
874 3.61608e-07 
875 3.80767e-07 
876 3.87855e-07 
877 3.63454e-07 
878 3.74752e-07 
879 3.93201e-07 
880 3.71144e-07 
881 3.85889e-07 
882 3.64063e-07 
883 3.77819e-07 
884 3.74799e-07 
885 3.77635e-07 
886 3.85849e-07 
887 3.68233e-07 
888 3.7296e-07 
889 3.62299e-07 
890 3.76513e-07 
891 3.6411e-07 
892 3.84972e-07 
893 3.76952e-07 
894 3.70922e-07 
895 3.72622e-07 
896 3.80889e-07 
897 3.95509e-07 
898 3.69302e-07 
899 3.58822e-07 
900 3.78148e-07 
901 3.57067e-07 
902 3.81228e-07 
903 3.81108e-07 
904 3.63379e-07 
905 3.91957e-07 
906 3.4994e-07 
907 3.9302e-07 
908 3.78343e-07 
909 3.56618e-07 
910 3.57676e-07 
911 3.53679e-07 
912 3.61857e-07 
913 3.53372e-07 
914 3.74838e-07 
915 3.65762e-07 
916 3.69358e-07 
917 3.62028e-07 
918 3.48112e-07 
919 3.65106e-07 
920 3.46381e-07 
921 3.35861e-07 
922 3.78742e-07 
923 3.60237e-07 
924 3.65007e-07 
925 3.58802e-07 
926 3.61504e-07 
927 3.63759e-07 
928 3.50537e-07 
929 3.5625e-07 
930 3.59046e-07 
931 3.79867e-07 
932 3.50861e-07 
933 3.35283e-07 
934 3.63722e-07 
935 3.58432e-07 
936 3.51215e-07 
937 3.45828e-07 
938 3.51393e-07 
939 3.66346e-07 
940 3.52437e-07 
941 3.33981e-07 
942 3.53905e-07 
943 3.3489e-07 
944 3.41003e-07 
945 3.54676e-07 
946 3.69693e-07 
947 3.63634e-07 
948 3.57723e-07 
949 3.39288e-07 
950 3.68759e-07 
951 3.4081e-07 
952 3.53776e-07 
953 3.3485e-07 
954 3.59124e-07 
955 3.58282e-07 
956 3.49248e-07 
957 3.41131e-07 
958 3.61241e-07 
959 3.461e-07 
960 3.61923e-07 
961 3.42659e-07 
962 3.5107e-07 
963 3.41781e-07 
964 3.30099e-07 
965 3.34206e-07 
966 3.41617e-07 
967 3.63107e-07 
968 3.48097e-07 
969 3.35812e-07 
970 3.30744e-07 
971 3.5788e-07 
972 3.406e-07 
973 3.59906e-07 
974 3.35037e-07 
975 3.36146e-07 
976 3.44617e-07 
977 3.39797e-07 
978 3.2564e-07 
979 3.38578e-07 
980 3.47618e-07 
981 3.34782e-07 
982 3.25659e-07 
983 3.55878e-07 
984 3.30348e-07 
985 3.13429e-07 
986 3.35441e-07 
987 3.38216e-07 
988 3.52992e-07 
989 3.18735e-07 
990 3.48703e-07 
991 3.36628e-07 
992 3.22292e-07 
993 3.54451e-07 
994 3.2748e-07 
995 3.48092e-07 
996 3.42587e-07 
997 3.37853e-07 
998 3.18449e-07 
999 3.22963e-07 
1000 3.30404e-07 
1001 3.2831e-07 
1002 3.18547e-07 
1003 3.14612e-07 
1004 3.31179e-07 
1005 3.31745e-07 
1006 3.26478e-07 
1007 3.40377e-07 
1008 3.29236e-07 
1009 3.23447e-07 
1010 3.10507e-07 
1011 3.19771e-07 
1012 3.27559e-07 
1013 3.35608e-07 
1014 3.15604e-07 
1015 3.26079e-07 
1016 3.32304e-07 
1017 3.18098e-07 
1018 3.32989e-07 
1019 3.22989e-07 
1020 3.36277e-07 
1021 3.23349e-07 
1022 3.36818e-07 
1023 3.21113e-07 
1024 3.2921e-07 
1025 3.07592e-07 
1026 3.28849e-07 
1027 3.22905e-07 
1028 3.29942e-07 
1029 3.08839e-07 
1030 3.21347e-07 
1031 3.10341e-07 
1032 3.08803e-07 
1033 3.26964e-07 
1034 3.04013e-07 
1035 3.15456e-07 
1036 3.0628e-07 
1037 3.06072e-07 
1038 3.05164e-07 
1039 3.14986e-07 
1040 3.15522e-07 
1041 3.00921e-07 
1042 3.10387e-07 
1043 3.1761e-07 
1044 3.20012e-07 
1045 3.18483e-07 
1046 3.19149e-07 
1047 3.19374e-07 
1048 2.92387e-07 
1049 3.26077e-07 
1050 2.91396e-07 
1051 3.12256e-07 
1052 3.24088e-07 
1053 3.02426e-07 
1054 3.11237e-07 
1055 3.12984e-07 
1056 3.19246e-07 
1057 2.92181e-07 
1058 3.27056e-07 
1059 3.20305e-07 
1060 3.05798e-07 
1061 3.08264e-07 
1062 3.12678e-07 
1063 3.03237e-07 
1064 2.86404e-07 
1065 3.03309e-07 
1066 3.05177e-07 
1067 3.06389e-07 
1068 3.04383e-07 
1069 3.30135e-07 
1070 3.06772e-07 
1071 3.05028e-07 
1072 3.00867e-07 
1073 2.97787e-07 
1074 3.09161e-07 
1075 2.95901e-07 
1076 3.12762e-07 
1077 3.08405e-07 
1078 3.20482e-07 
1079 3.18106e-07 
1080 3.01189e-07 
1081 3.06656e-07 
1082 3.05046e-07 
1083 2.87631e-07 
1084 3.15272e-07 
1085 3.01751e-07 
1086 2.97063e-07 
1087 2.95543e-07 
1088 3.00894e-07 
1089 2.96461e-07 
1090 2.88505e-07 
1091 2.96063e-07 
1092 3.08023e-07 
1093 3.01964e-07 
1094 3.03948e-07 
1095 2.9522e-07 
1096 2.86832e-07 
1097 3.10222e-07 
1098 2.99999e-07 
1099 3.01314e-07 
1100 2.87662e-07 
1101 3.0918e-07 
1102 2.8848e-07 
1103 2.89157e-07 
1104 2.80695e-07 
1105 2.80168e-07 
1106 2.90376e-07 
1107 2.85804e-07 
1108 2.94935e-07 
1109 3.11429e-07 
1110 3.063e-07 
1111 2.68556e-07 
1112 2.87694e-07 
1113 2.74944e-07 
1114 3.00328e-07 
1115 2.91576e-07 
1116 2.87419e-07 
1117 2.81951e-07 
1118 2.89062e-07 
1119 2.7914e-07 
1120 2.91582e-07 
1121 2.84994e-07 
1122 2.81783e-07 
1123 2.85465e-07 
1124 2.93593e-07 
1125 3.0381e-07 
1126 2.88409e-07 
1127 2.85285e-07 
1128 2.84138e-07 
1129 2.85782e-07 
1130 2.68979e-07 
1131 2.80426e-07 
1132 2.82815e-07 
1133 2.92758e-07 
1134 2.8434e-07 
1135 2.90769e-07 
1136 2.72702e-07 
1137 2.86746e-07 
1138 2.82757e-07 
1139 2.93582e-07 
1140 2.97881e-07 
1141 2.74344e-07 
1142 2.94107e-07 
1143 2.83943e-07 
1144 2.98111e-07 
1145 2.78465e-07 
1146 2.81542e-07 
1147 2.67628e-07 
1148 2.80057e-07 
1149 2.84018e-07 
1150 2.9089e-07 
1151 2.75514e-07 
1152 2.70637e-07 
1153 2.92146e-07 
1154 2.80361e-07 
1155 2.69345e-07 
1156 2.89517e-07 
1157 2.90788e-07 
1158 2.81643e-07 
1159 2.74657e-07 
1160 2.69904e-07 
1161 2.62479e-07 
1162 2.69492e-07 
1163 2.81458e-07 
1164 2.82374e-07 
1165 2.75434e-07 
1166 2.721e-07 
1167 2.79386e-07 
1168 2.70102e-07 
1169 2.77907e-07 
1170 2.78707e-07 
1171 2.89819e-07 
1172 2.78167e-07 
1173 2.7754e-07 
1174 2.72147e-07 
1175 2.68174e-07 
1176 2.66704e-07 
1177 2.66672e-07 
1178 2.75857e-07 
1179 2.72282e-07 
1180 2.68517e-07 
1181 2.81873e-07 
1182 2.66411e-07 
1183 2.86747e-07 
1184 2.74422e-07 
1185 2.7774e-07 
1186 2.76858e-07 
1187 2.75267e-07 
1188 2.82331e-07 
1189 2.51576e-07 
1190 2.77933e-07 
1191 2.70727e-07 
1192 2.81486e-07 
1193 2.6499e-07 
1194 2.66656e-07 
1195 2.88886e-07 
1196 2.67901e-07 
1197 2.76392e-07 
1198 2.5002e-07 
1199 2.74021e-07 
1200 2.63365e-07 
1201 2.60045e-07 
1202 2.62958e-07 
1203 2.70734e-07 
1204 2.65711e-07 
1205 2.6517e-07 
1206 2.62681e-07 
1207 2.5531e-07 
1208 2.50623e-07 
1209 2.69779e-07 
1210 2.68194e-07 
1211 2.5578e-07 
1212 2.68266e-07 
1213 2.53471e-07 
1214 2.64931e-07 
1215 2.69632e-07 
1216 2.6701e-07 
1217 2.51797e-07 
1218 2.56321e-07 
1219 2.71813e-07 
1220 2.53765e-07 
1221 2.56084e-07 
1222 2.63689e-07 
1223 2.66545e-07 
1224 2.55824e-07 
1225 2.52575e-07 
1226 2.67756e-07 
1227 2.64178e-07 
1228 2.69458e-07 
1229 2.63633e-07 
1230 2.53326e-07 
1231 2.60135e-07 
1232 2.61277e-07 
1233 2.56662e-07 
1234 2.6845e-07 
1235 2.56765e-07 
1236 2.61154e-07 
1237 2.59763e-07 
1238 2.67078e-07 
1239 2.75302e-07 
1240 2.49546e-07 
1241 2.52601e-07 
1242 2.60965e-07 
1243 2.46871e-07 
1244 2.63459e-07 
1245 2.6289e-07 
1246 2.50061e-07 
1247 2.52309e-07 
1248 2.61216e-07 
1249 2.54271e-07 
1250 2.5405e-07 
1251 2.49363e-07 
1252 2.59663e-07 
1253 2.51369e-07 
1254 2.5875e-07 
1255 2.45347e-07 
1256 2.54706e-07 
1257 2.52814e-07 
1258 2.57232e-07 
1259 2.4867e-07 
1260 2.44818e-07 
1261 2.46673e-07 
1262 2.53816e-07 
1263 2.47906e-07 
1264 2.39212e-07 
1265 2.44017e-07 
1266 2.41711e-07 
1267 2.47992e-07 
1268 2.59346e-07 
1269 2.39101e-07 
1270 2.40846e-07 
1271 2.56087e-07 
1272 2.3773e-07 
1273 2.55744e-07 
1274 2.43876e-07 
1275 2.39776e-07 
1276 2.52463e-07 
1277 2.5621e-07 
1278 2.51483e-07 
1279 2.44436e-07 
1280 2.51297e-07 
1281 2.59381e-07 
1282 2.47705e-07 
1283 2.63665e-07 
1284 2.45621e-07 
1285 2.59743e-07 
1286 2.44435e-07 
1287 2.44342e-07 
1288 2.55149e-07 
1289 2.40298e-07 
1290 2.47071e-07 
1291 2.39812e-07 
1292 2.29432e-07 
1293 2.41934e-07 
1294 2.32751e-07 
1295 2.44654e-07 
1296 2.56676e-07 
1297 2.39871e-07 
1298 2.41379e-07 
1299 2.46175e-07 
1300 2.45243e-07 
1301 2.55967e-07 
1302 2.39186e-07 
1303 2.55714e-07 
1304 2.5103e-07 
1305 2.42045e-07 
1306 2.37251e-07 
1307 2.51223e-07 
1308 2.52347e-07 
1309 2.37809e-07 
1310 2.45331e-07 
1311 2.40124e-07 
1312 2.26714e-07 
1313 2.38414e-07 
1314 2.34693e-07 
1315 2.40182e-07 
1316 2.31467e-07 
1317 2.40296e-07 
1318 2.36657e-07 
1319 2.40002e-07 
1320 2.32742e-07 
1321 2.45576e-07 
1322 2.27649e-07 
1323 2.41638e-07 
1324 2.36163e-07 
1325 2.48187e-07 
1326 2.38202e-07 
1327 2.39739e-07 
1328 2.26062e-07 
1329 2.51425e-07 
1330 2.36258e-07 
1331 2.30936e-07 
1332 2.4573e-07 
1333 2.34558e-07 
1334 2.40817e-07 
1335 2.34454e-07 
1336 2.35941e-07 
1337 2.4284e-07 
1338 2.22242e-07 
1339 2.36545e-07 
1340 2.41992e-07 
1341 2.30732e-07 
1342 2.22901e-07 
1343 2.32272e-07 
1344 2.13754e-07 
1345 2.37163e-07 
1346 2.42863e-07 
1347 2.37191e-07 
1348 2.35346e-07 
1349 2.28231e-07 
1350 2.35657e-07 
1351 2.2767e-07 
1352 2.22973e-07 
1353 2.38338e-07 
1354 2.30434e-07 
1355 2.37179e-07 
1356 2.37388e-07 
1357 2.3878e-07 
1358 2.22306e-07 
1359 2.35636e-07 
1360 2.24745e-07 
1361 2.25424e-07 
1362 2.37296e-07 
1363 2.36191e-07 
1364 2.21397e-07 
1365 2.2827e-07 
1366 2.24559e-07 
1367 2.28417e-07 
1368 2.20961e-07 
1369 2.40763e-07 
1370 2.25727e-07 
1371 2.23364e-07 
1372 2.20694e-07 
1373 2.32547e-07 
1374 2.15289e-07 
1375 2.22959e-07 
1376 2.2932e-07 
1377 2.26074e-07 
1378 2.27542e-07 
1379 2.30117e-07 
1380 2.34759e-07 
1381 2.38749e-07 
1382 2.11225e-07 
1383 2.25323e-07 
1384 2.2026e-07 
1385 2.1626e-07 
1386 2.26488e-07 
1387 2.21676e-07 
1388 2.30721e-07 
1389 2.35127e-07 
1390 2.29941e-07 
1391 2.2228e-07 
1392 2.28146e-07 
1393 2.23265e-07 
1394 2.12919e-07 
1395 2.21231e-07 
1396 2.25493e-07 
1397 2.21924e-07 
1398 2.21567e-07 
1399 2.20642e-07 
1400 2.18957e-07 
1401 2.11294e-07 
1402 2.21908e-07 
1403 2.13948e-07 
1404 2.2023e-07 
1405 2.24506e-07 
1406 2.15898e-07 
1407 2.25315e-07 
1408 2.24785e-07 
1409 2.22127e-07 
1410 2.15191e-07 
1411 2.19313e-07 
1412 2.23427e-07 
1413 2.12215e-07 
1414 2.20147e-07 
1415 2.11797e-07 
1416 2.21712e-07 
1417 2.15008e-07 
1418 2.14871e-07 
1419 2.22775e-07 
1420 2.18279e-07 
1421 2.21152e-07 
1422 2.12955e-07 
1423 2.2136e-07 
1424 2.21042e-07 
1425 2.17339e-07 
1426 2.16404e-07 
1427 2.14537e-07 
1428 2.11651e-07 
1429 2.11797e-07 
1430 2.21227e-07 
1431 2.06035e-07 
1432 2.18619e-07 
1433 2.26399e-07 
1434 2.10396e-07 
1435 2.11311e-07 
1436 2.11673e-07 
1437 2.13793e-07 
1438 2.16943e-07 
1439 2.14451e-07 
1440 2.20232e-07 
1441 2.12386e-07 
1442 2.12975e-07 
1443 2.0887e-07 
1444 2.20155e-07 
1445 2.07591e-07 
1446 2.10205e-07 
1447 2.10551e-07 
1448 2.09399e-07 
1449 2.15884e-07 
1450 2.19439e-07 
1451 2.03572e-07 
1452 2.17717e-07 
1453 2.08456e-07 
1454 2.06943e-07 
1455 2.13805e-07 
1456 2.08281e-07 
1457 2.05131e-07 
1458 2.07546e-07 
1459 2.07933e-07 
1460 2.14415e-07 
1461 2.11581e-07 
1462 1.98237e-07 
1463 2.11282e-07 
1464 2.09415e-07 
1465 2.04423e-07 
1466 1.98276e-07 
1467 2.10692e-07 
1468 2.09858e-07 
1469 2.07518e-07 
1470 2.12171e-07 
1471 2.1256e-07 
1472 2.10004e-07 
1473 2.03632e-07 
1474 2.17055e-07 
1475 2.01999e-07 
1476 2.03554e-07 
1477 2.08503e-07 
1478 2.04358e-07 
1479 1.97992e-07 
1480 2.06086e-07 
1481 1.99789e-07 
1482 2.07229e-07 
1483 2.13166e-07 
1484 2.0148e-07 
1485 2.08308e-07 
1486 1.99091e-07 
1487 2.07299e-07 
1488 2.13591e-07 
1489 1.99284e-07 
1490 2.06413e-07 
1491 2.06558e-07 
1492 1.95101e-07 
1493 2.02506e-07 
1494 2.07103e-07 
1495 2.03689e-07 
1496 2.11895e-07 
1497 1.96869e-07 
1498 1.95934e-07 
1499 2.05256e-07 
1500 2.08423e-07 
1501 2.09082e-07 
1502 2.04749e-07 
1503 2.00245e-07 
1504 2.01848e-07 
1505 1.91409e-07 
1506 1.96907e-07 
1507 2.01e-07 
1508 2.04977e-07 
1509 2.05783e-07 
1510 1.97915e-07 
1511 1.98473e-07 
1512 1.96303e-07 
1513 1.95333e-07 
1514 1.98913e-07 
1515 2.0295e-07 
1516 1.95723e-07 
1517 2.04674e-07 
1518 2.01945e-07 
1519 1.91463e-07 
1520 1.96227e-07 
1521 1.99132e-07 
1522 2.0153e-07 
1523 1.99041e-07 
1524 1.98155e-07 
1525 1.91953e-07 
1526 1.90086e-07 
1527 1.95782e-07 
1528 1.86593e-07 
1529 1.91354e-07 
1530 1.87376e-07 
1531 1.99313e-07 
1532 2.00171e-07 
1533 1.88382e-07 
1534 2.02057e-07 
1535 1.92473e-07 
1536 1.9597e-07 
1537 1.96643e-07 
1538 1.97266e-07 
1539 1.97907e-07 
1540 1.8868e-07 
1541 1.91198e-07 
1542 1.91815e-07 
1543 1.9274e-07 
1544 1.928e-07 
1545 1.95196e-07 
1546 1.96019e-07 
1547 1.90924e-07 
1548 1.97705e-07 
1549 1.93381e-07 
1550 2.06574e-07 
1551 1.93154e-07 
1552 1.9805e-07 
1553 1.85461e-07 
1554 1.92838e-07 
1555 2.01468e-07 
1556 1.92135e-07 
1557 1.91726e-07 
1558 1.95575e-07 
1559 1.932e-07 
1560 1.95822e-07 
1561 1.89512e-07 
1562 1.85342e-07 
1563 2.02816e-07 
1564 1.91913e-07 
1565 1.94828e-07 
1566 1.90642e-07 
1567 1.9281e-07 
1568 1.89774e-07 
1569 1.90739e-07 
1570 1.88588e-07 
1571 1.92486e-07 
1572 1.95594e-07 
1573 1.91158e-07 
1574 1.89818e-07 
1575 1.91667e-07 
1576 1.97935e-07 
1577 1.94902e-07 
1578 1.84552e-07 
1579 1.80473e-07 
1580 1.88051e-07 
1581 1.82095e-07 
1582 1.89077e-07 
1583 1.80661e-07 
1584 1.90831e-07 
1585 1.93411e-07 
1586 1.87323e-07 
1587 1.82857e-07 
1588 1.96235e-07 
1589 1.93808e-07 
1590 1.94948e-07 
1591 1.78664e-07 
1592 1.85846e-07 
1593 1.88539e-07 
1594 1.84069e-07 
1595 1.93849e-07 
1596 1.89558e-07 
1597 1.89445e-07 
1598 1.8974e-07 
1599 1.80285e-07 
1600 1.86348e-07 
1601 1.8191e-07 
1602 1.88606e-07 
1603 1.8577e-07 
1604 1.73699e-07 
1605 1.88617e-07 
1606 1.88917e-07 
1607 1.8509e-07 
1608 1.89593e-07 
1609 1.77354e-07 
1610 1.86012e-07 
1611 1.74963e-07 
1612 1.85531e-07 
1613 1.82822e-07 
1614 1.81107e-07 
1615 1.85491e-07 
1616 1.81419e-07 
1617 1.78475e-07 
1618 1.80823e-07 
1619 1.84643e-07 
1620 1.82758e-07 
1621 1.8414e-07 
1622 1.78986e-07 
1623 1.80801e-07 
1624 1.84478e-07 
1625 1.83898e-07 
1626 1.84773e-07 
1627 1.8368e-07 
1628 1.83565e-07 
1629 1.84728e-07 
1630 1.77411e-07 
1631 1.79622e-07 
1632 1.7729e-07 
1633 1.76464e-07 
1634 1.85617e-07 
1635 1.87441e-07 
1636 1.80351e-07 
1637 1.85391e-07 
1638 1.89422e-07 
1639 1.83103e-07 
1640 1.79482e-07 
1641 1.78969e-07 
1642 1.81305e-07 
1643 1.74598e-07 
1644 1.74327e-07 
1645 1.69924e-07 
1646 1.76363e-07 
1647 1.76108e-07 
1648 1.78288e-07 
1649 1.91328e-07 
1650 1.7773e-07 
1651 1.7828e-07 
1652 1.79797e-07 
1653 1.75758e-07 
1654 1.70352e-07 
1655 1.83222e-07 
1656 1.75269e-07 
1657 1.76559e-07 
1658 1.76787e-07 
1659 1.76219e-07 
1660 1.74649e-07 
1661 1.8617e-07 
1662 1.79674e-07 
1663 1.74463e-07 
1664 1.85653e-07 
1665 1.7485e-07 
1666 1.74942e-07 
1667 1.73173e-07 
1668 1.75058e-07 
1669 1.76786e-07 
1670 1.76828e-07 
1671 1.7323e-07 
1672 1.7841e-07 
1673 1.76422e-07 
1674 1.73689e-07 
1675 1.68888e-07 
1676 1.78381e-07 
1677 1.77247e-07 
1678 1.77825e-07 
1679 1.7996e-07 
1680 1.72653e-07 
1681 1.78294e-07 
1682 1.77073e-07 
1683 1.71575e-07 
1684 1.76996e-07 
1685 1.68121e-07 
1686 1.73317e-07 
1687 1.68691e-07 
1688 1.65832e-07 
1689 1.6748e-07 
1690 1.80132e-07 
1691 1.67802e-07 
1692 1.7415e-07 
1693 1.65543e-07 
1694 1.65769e-07 
1695 1.77112e-07 
1696 1.66911e-07 
1697 1.78378e-07 
1698 1.70002e-07 
1699 1.71865e-07 
1700 1.78048e-07 
1701 1.74357e-07 
1702 1.74723e-07 
1703 1.65828e-07 
1704 1.71983e-07 
1705 1.82102e-07 
1706 1.67616e-07 
1707 1.7977e-07 
1708 1.60982e-07 
1709 1.66548e-07 
1710 1.6542e-07 
1711 1.71243e-07 
1712 1.69446e-07 
1713 1.75083e-07 
1714 1.67347e-07 
1715 1.64495e-07 
1716 1.73509e-07 
1717 1.74342e-07 
1718 1.78607e-07 
1719 1.72149e-07 
1720 1.70302e-07 
1721 1.6805e-07 
1722 1.71213e-07 
1723 1.61575e-07 
1724 1.66602e-07 
1725 1.69529e-07 
1726 1.71026e-07 
1727 1.71759e-07 
1728 1.71805e-07 
1729 1.7339e-07 
1730 1.72514e-07 
1731 1.58501e-07 
1732 1.65009e-07 
1733 1.66711e-07 
1734 1.73121e-07 
1735 1.68312e-07 
1736 1.64488e-07 
1737 1.56537e-07 
1738 1.66673e-07 
1739 1.65228e-07 
1740 1.6744e-07 
1741 1.66787e-07 
1742 1.63346e-07 
1743 1.67859e-07 
1744 1.60438e-07 
1745 1.67037e-07 
1746 1.70289e-07 
1747 1.73978e-07 
1748 1.64134e-07 
1749 1.67546e-07 
1750 1.60416e-07 
1751 1.62753e-07 
1752 1.56596e-07 
1753 1.61476e-07 
1754 1.63944e-07 
1755 1.58749e-07 
1756 1.61827e-07 
1757 1.54907e-07 
1758 1.58512e-07 
1759 1.66785e-07 
1760 1.64628e-07 
1761 1.57926e-07 
1762 1.62793e-07 
1763 1.61579e-07 
1764 1.61489e-07 
1765 1.5926e-07 
1766 1.65951e-07 
1767 1.6186e-07 
1768 1.5692e-07 
1769 1.59441e-07 
1770 1.6217e-07 
1771 1.67982e-07 
1772 1.58472e-07 
1773 1.60771e-07 
1774 1.61694e-07 
1775 1.595e-07 
1776 1.58699e-07 
1777 1.56958e-07 
1778 1.5789e-07 
1779 1.6372e-07 
1780 1.61032e-07 
1781 1.60649e-07 
1782 1.57111e-07 
1783 1.61203e-07 
1784 1.6575e-07 
1785 1.57955e-07 
1786 1.57647e-07 
1787 1.67261e-07 
1788 1.59792e-07 
1789 1.59813e-07 
1790 1.53104e-07 
1791 1.55277e-07 
1792 1.5867e-07 
1793 1.5313e-07 
1794 1.60921e-07 
1795 1.61552e-07 
1796 1.60684e-07 
1797 1.53622e-07 
1798 1.56847e-07 
1799 1.54921e-07 
1800 1.50289e-07 
1801 1.5511e-07 
1802 1.53503e-07 
1803 1.56329e-07 
1804 1.53725e-07 
1805 1.54939e-07 
1806 1.60003e-07 
1807 1.59523e-07 
1808 1.58199e-07 
1809 1.61375e-07 
1810 1.55403e-07 
1811 1.55196e-07 
1812 1.5323e-07 
1813 1.6204e-07 
1814 1.57336e-07 
1815 1.61534e-07 
1816 1.49849e-07 
1817 1.54386e-07 
1818 1.53938e-07 
1819 1.52129e-07 
1820 1.52913e-07 
1821 1.57708e-07 
1822 1.52105e-07 
1823 1.53172e-07 
1824 1.60304e-07 
1825 1.51399e-07 
1826 1.54904e-07 
1827 1.54453e-07 
1828 1.53215e-07 
1829 1.55157e-07 
1830 1.51504e-07 
1831 1.56798e-07 
1832 1.56969e-07 
1833 1.50486e-07 
1834 1.62115e-07 
1835 1.51055e-07 
1836 1.54294e-07 
1837 1.61106e-07 
1838 1.60285e-07 
1839 1.5256e-07 
1840 1.52358e-07 
1841 1.50939e-07 
1842 1.51863e-07 
1843 1.51558e-07 
1844 1.50958e-07 
1845 1.50636e-07 
1846 1.53085e-07 
1847 1.43267e-07 
1848 1.51636e-07 
1849 1.56064e-07 
1850 1.58747e-07 
1851 1.51783e-07 
1852 1.52416e-07 
1853 1.48345e-07 
1854 1.50848e-07 
1855 1.51784e-07 
1856 1.48552e-07 
1857 1.50895e-07 
1858 1.50293e-07 
1859 1.53149e-07 
1860 1.53759e-07 
1861 1.46564e-07 
1862 1.45392e-07 
1863 1.46485e-07 
1864 1.55225e-07 
1865 1.46459e-07 
1866 1.48476e-07 
1867 1.49545e-07 
1868 1.44594e-07 
1869 1.46437e-07 
1870 1.47729e-07 
1871 1.48011e-07 
1872 1.45686e-07 
1873 1.50141e-07 
1874 1.4689e-07 
1875 1.50541e-07 
1876 1.45807e-07 
1877 1.52066e-07 
1878 1.46377e-07 
1879 1.50709e-07 
1880 1.48819e-07 
1881 1.47644e-07 
1882 1.5049e-07 
1883 1.43196e-07 
1884 1.50041e-07 
1885 1.50668e-07 
1886 1.37976e-07 
1887 1.44893e-07 
1888 1.48379e-07 
1889 1.43468e-07 
1890 1.44903e-07 
1891 1.45023e-07 
1892 1.4725e-07 
1893 1.43832e-07 
1894 1.48343e-07 
1895 1.44745e-07 
1896 1.48612e-07 
1897 1.51886e-07 
1898 1.44734e-07 
1899 1.45236e-07 
1900 1.48198e-07 
1901 1.45927e-07 
1902 1.46741e-07 
1903 1.41424e-07 
1904 1.40817e-07 
1905 1.46685e-07 
1906 1.40777e-07 
1907 1.45455e-07 
1908 1.49375e-07 
1909 1.45645e-07 
1910 1.44073e-07 
1911 1.48969e-07 
1912 1.4451e-07 
1913 1.49575e-07 
1914 1.44923e-07 
1915 1.39808e-07 
1916 1.47777e-07 
1917 1.42161e-07 
1918 1.38459e-07 
1919 1.40824e-07 
1920 1.45322e-07 
1921 1.49324e-07 
1922 1.44616e-07 
1923 1.39591e-07 
1924 1.42943e-07 
1925 1.41216e-07 
1926 1.38171e-07 
1927 1.44135e-07 
1928 1.41467e-07 
1929 1.41015e-07 
1930 1.47764e-07 
1931 1.43185e-07 
1932 1.42454e-07 
1933 1.44354e-07 
1934 1.43541e-07 
1935 1.42088e-07 
1936 1.42782e-07 
1937 1.45501e-07 
1938 1.41664e-07 
1939 1.39572e-07 
1940 1.43497e-07 
1941 1.47457e-07 
1942 1.41518e-07 
1943 1.41731e-07 
1944 1.42144e-07 
1945 1.40685e-07 
1946 1.39401e-07 
1947 1.38563e-07 
1948 1.35753e-07 
1949 1.38841e-07 
1950 1.39539e-07 
1951 1.36092e-07 
1952 1.40982e-07 
1953 1.44605e-07 
1954 1.38896e-07 
1955 1.39135e-07 
1956 1.36287e-07 
1957 1.40784e-07 
1958 1.38527e-07 
1959 1.42167e-07 
1960 1.41519e-07 
1961 1.37462e-07 
1962 1.3578e-07 
1963 1.48867e-07 
1964 1.41279e-07 
1965 1.45146e-07 
1966 1.38401e-07 
1967 1.392e-07 
1968 1.32982e-07 
1969 1.3353e-07 
1970 1.39173e-07 
1971 1.37616e-07 
1972 1.36257e-07 
1973 1.41563e-07 
1974 1.41425e-07 
1975 1.3633e-07 
1976 1.35175e-07 
1977 1.36682e-07 
1978 1.36386e-07 
1979 1.34385e-07 
1980 1.38072e-07 
1981 1.35047e-07 
1982 1.33607e-07 
1983 1.39306e-07 
1984 1.38115e-07 
1985 1.35049e-07 
1986 1.39874e-07 
1987 1.37097e-07 
1988 1.35387e-07 
1989 1.36974e-07 
1990 1.3124e-07 
1991 1.40801e-07 
1992 1.3717e-07 
1993 1.314e-07 
1994 1.36365e-07 
1995 1.31981e-07 
1996 1.33637e-07 
1997 1.3593e-07 
1998 1.2978e-07 
1999 1.32008e-07 
2000 1.34152e-07 
